0 16.1876 -163.494
1 8.55901 -155.556
2 10.1573 -164.683
3 11.5127 -179.277
4 14.7695 -160.416
5 7.77118 -168.067
6 8.44076 -197.152
7 14.3795 -163.285
8 10.2018 -164.359
9 21.0002 -177.797
10 11.5956 -181.175
11 9.80275 -168.67
12 17.7309 -169.071
13 9.97762 -165.429
14 18.675 -172.939
15 11.8398 -178.961
16 12.0072 -170.532
17 10.402 -170.975
18 13.719 -170.973
19 9.17603 -165.768
20 15.754 -159.194
21 9.61878 -183.681
22 7.5313 -166.68
23 8.17442 -162.934
24 11.8038 -175.814
25 9.93379 -166.952
26 8.3638 -181.35
27 18.7503 -169.014
28 6.77796 -162.415
29 10.2126 -159.304
30 8.11396 -164.261
31 8.81706 -167.056
32 7.28382 -171.421
33 7.79335 -167.001
34 9.99673 -163.743
35 6.19105 -155.096
36 7.33795 -161.541
37 9.77486 -159.137
38 13.9007 -159.387
39 8.4227 -193.676
40 5.97323 -175.378
41 13.4822 -159.841
42 16.1568 -173.458
43 10.9111 -171.389
44 10.4404 -164.892
45 20.4814 -171.999
46 8.84507 -162.025
47 11.7969 -172.358
48 7.63141 -192.885
49 13.2022 -162.322
50 10.3003 -170.625
51 11.6494 -165.567
52 9.30661 -162.872
53 10.5121 -166.757
54 13.755 -160.322
55 13.3804 -163.953
56 11.4903 -163.026
57 7.31949 -147.584
58 13.2956 -175.53
59 7.10223 -180.581
60 8.19455 -150.261
61 9.04153 -190.178
62 10.6685 -180.681
63 22.6055 -171.17
64 9.88226 -179.08
65 10.549 -167.954
66 9.63902 -164.231
67 8.77916 -175.207
68 16.1034 -162.702
69 10.4278 -167.216
70 8.4073 -169.551
71 8.58879 -176.4
72 19.9119 -182.247
73 7.43997 -184.499
74 13.8385 -176.804
75 8.74656 -166.595
76 8.20994 -167.615
77 7.81198 -183.295
78 8.78787 -176.336
79 13.5739 -165.353
80 12.4031 -176.171
81 8.86344 -196.889
82 8.03578 -171.44
83 9.70167 -171.901
84 9.1199 -171.289
85 7.20002 -169.355
86 11.458 -165.15
87 7.55718 -156.827
88 14.6212 -166.776
89 6.01938 -175.613
90 10.2024 -166.189
91 14.4627 -160.633
92 7.96223 -156.182
93 12.4197 -163.901
94 7.54461 -176.795
95 6.85643 -163.172
96 7.72495 -195.694
97 9.46173 -167.692
98 10.4615 -166.282
99 11.0594 -177.813
100 10.3384 -192.981
101 7.08786 -160.25
102 6.73652 -161.538
103 9.2607 -171.964
104 11.2368 -179.029
105 8.047 -193.506
106 13.654 -158.195
107 7.725 -163.35
108 10.7371 -168.584
109 8.55653 -190.979
110 10.3099 -173.649
111 10.8498 -166.454
112 7.78469 -161.478
113 11.5843 -168.411
114 8.78065 -198.862
115 9.11919 -172.524
116 7.83223 -148.755
117 9.37043 -175.529
118 13.7661 -158.362
119 15.1135 -158.911
120 8.16941 -155.438
121 6.13465 -160.942
122 7.95577 -169.251
123 10.3209 -169.685
124 9.5637 -171.128
125 9.94165 -166.384
126 7.29345 -177.668
127 18.0406 -165.146
128 9.64793 -165.559
129 6.79473 -153.652
130 7.81765 -199.428
131 13.7162 -165.957
132 13.9868 -163.499
133 8.15192 -167.99
134 12.4093 -164.9
135 20.3134 -177.793
136 10.7838 -160.687
137 10.7627 -165.785
138 8.16175 -173.72
139 9.34752 -177.064
140 12.5856 -173.437
141 15.3827 -171.48
142 8.83058 -195.83
143 10.2433 -176.465
144 8.59944 -184.12
145 9.15711 -177.203
146 7.17543 -183.812
147 12.9205 -164.949
148 10.6453 -162.84
149 9.70883 -166.204
150 8.49764 -164.522
151 11.7767 -172.783
152 8.45096 -160.595
153 11.4439 -177.219
154 7.22928 -160.867
155 10.4147 -170.998
156 7.10541 -162.823
157 9.50508 -178.853
158 10.6704 -164.397
159 15.5225 -169.03
160 7.3687 -151.628
161 11.3376 -167.487
162 8.7804 -171.631
163 13.1231 -160.116
164 12.9439 -155.562
165 10.4352 -174.192
166 7.77356 -154.587
167 7.47158 -163.387
168 8.00199 -165.985
169 9.44806 -173.739
170 9.49833 -166.284
171 11.9729 -162.538
172 11.5695 -172.217
173 16.2021 -163.851
174 7.49735 -170.48
175 8.39717 -190.577
176 10.1584 -166.274
177 7.20556 -149.424
178 6.83798 -155.233
179 9.8988 -164.213
180 12.8438 -158.486
181 7.67771 -187.969
182 7.40517 -193.458
183 12.6505 -170.021
184 11.9303 -162.266
185 11.1057 -175.399
186 6.09024 -193.21
187 9.95796 -159.065
188 7.01029 -171.107
189 10.5996 -172.31
190 17.8742 -168.046
191 6.84056 -168.312
192 8.27693 -192.739
193 9.17337 -159.22
194 10.7747 -165.853
195 6.59949 -164.024
196 14.2926 -155.714
197 9.93711 -173.638
198 7.82994 -149.087
199 10.7904 -168.391
200 8.92877 -163.047
201 12.1934 -173.951
202 6.50713 -190.839
203 7.80635 -189.005
204 10.5058 -167.93
205 8.95027 -179.181
206 8.17855 -162.121
207 9.52444 -199.656
208 7.8561 -167.163
209 11.2503 -169.387
210 14.422 -162.476
211 10.4392 -164.321
212 12.887 -170.646
213 6.80222 -181.965
214 8.74126 -166.214
215 13.5607 -165.113
216 10.2919 -160.819
217 7.53647 -166.458
218 7.76138 -148.863
219 22.1701 -179.703
220 7.40942 -157.611
221 6.98517 -153.146
222 8.3686 -164.089
223 7.44246 -153.321
224 11.9855 -163.234
225 7.96101 -160.135
226 8.07141 -170.366
227 9.93791 -178.191
228 7.51221 -161.378
229 8.98675 -198.841
230 19.1652 -160.151
231 10.7686 -178.207
232 9.54403 -169.406
233 7.05918 -166.556
234 7.15507 -161.627
235 11.891 -178.502
236 7.69755 -167.642
237 6.71605 -152.828
238 9.92652 -168.92
239 10.296 -167.101
240 13.6595 -170.453
241 7.53883 -145.562
242 8.27382 -164.981
243 8.91087 -195.612
244 9.3536 -174.993
245 10.0389 -172.912
246 7.84142 -174.695
247 9.54235 -199.225
248 12.5892 -174.612
249 13.356 -167.811
250 10.4453 -162.603
251 16.2314 -168.354
252 8.04431 -161.678
253 6.29846 -184.016
254 9.50539 -167.564
255 10.4085 -168.617
256 10.7626 -175.099
257 7.92256 -166.68
258 13.1287 -163.309
259 8.68015 -191.641
260 8.30553 -176.485
261 14.3993 -174.556
262 12.6352 -176.949
263 13.345 -159.307
264 10.6746 -169.802
265 11.0214 -167.239
266 17.1996 -173.007
267 7.88497 -171.575
268 7.74958 -159.627
269 8.506 -166.829
270 12.2098 -172.621
