0 8.20261 -179.319
1 18.8351 -160.854
2 9.48456 -168.499
3 6.35327 -136.821
4 8.22953 -147.671
5 9.19474 -169.713
6 8.72414 -167.547
7 10.6099 -171.374
8 10.0219 -169.602
9 10.4905 -167.927
10 9.65034 -182.269
11 17.8241 -163.041
12 6.89377 -170.862
13 13.4914 -163.552
14 18.1066 -162.386
15 8.24549 -159.796
16 6.79314 -185.421
17 9.793 -163.686
18 8.58898 -168.156
19 17.8219 -172.67
20 12.4263 -169.02
21 8.31175 -158.156
22 10.5203 -176.658
23 8.39821 -196.033
24 8.62927 -160.348
25 8.37909 -166.911
26 10.0654 -177.367
27 9.14257 -176.281
28 12.2055 -164.729
29 18.293 -160.746
30 12.1215 -167.749
31 11.7924 -168.569
32 7.5755 -160.585
33 6.47458 -160.385
34 7.70618 -154.094
35 8.20047 -162.109
36 7.85548 -158.676
37 8.31577 -162.36
38 7.36665 -184.33
39 10.2185 -172.275
40 10.7604 -175.883
41 10.2153 -172.277
42 14.0975 -162.706
43 10.5152 -170.722
44 7.96439 -158.396
45 20.7336 -169.4
46 7.81797 -156.742
47 13.0369 -167.871
48 8.88848 -184.768
49 7.14568 -177.337
50 13.9211 -168.749
51 9.88252 -175.462
52 10.9263 -162.477
53 7.60007 -171.789
54 7.82699 -160.662
55 9.68409 -169.598
56 9.80203 -168.956
57 8.51923 -174.267
58 12.2784 -163.628
59 11.1788 -166.067
60 9.08342 -174.419
61 9.59896 -173.049
62 14.033 -163.151
63 8.51074 -166.542
64 7.6167 -171.344
65 15.2171 -159.545
66 10.1392 -168.149
67 10.3696 -166.13
68 9.21963 -166.371
69 14.4936 -155.776
70 13.129 -166.684
71 12.299 -164.421
72 14.0741 -161.099
73 8.69321 -179.57
74 9.58327 -161.709
75 7.72199 -151.278
76 7.48576 -164.454
77 8.76756 -166.387
78 6.66263 -130.073
79 8.25623 -169.134
80 8.22527 -168.267
81 10.6465 -168.015
82 11.5487 -166.829
83 7.81585 -165.948
84 8.57076 -177.992
85 7.3617 -152.405
86 7.12256 -154.385
87 14.5873 -157.627
88 7.91921 -168.21
89 7.13731 -167.752
90 12.3116 -165.709
91 20.1593 -162.774
92 11.2842 -166.357
93 10.0178 -173.316
94 8.49623 -173.633
95 8.58822 -173.166
96 10.1372 -172.289
97 14.3302 -158.853
98 10.3895 -169.302
99 8.04334 -170.407
100 8.51075 -172.852
101 10.7215 -167.089
102 8.40833 -170.908
103 9.05597 -169.305
104 10.725 -168.986
105 8.58539 -173.108
106 14.1561 -161.177
107 16.5382 -173.162
108 7.81288 -153.694
109 8.02142 -180.078
110 8.23233 -180.167
111 10.3575 -167.476
112 8.12998 -168.667
113 7.55151 -165.13
114 8.66101 -178.5
115 8.54706 -176.632
116 8.03325 -167.659
117 11.1167 -168.48
118 8.85455 -176.058
119 7.86485 -166.231
120 8.8085 -176.336
121 8.63764 -159.212
122 9.53274 -181.179
123 10.4755 -170.549
124 10.2391 -174.663
125 7.71114 -166.4
126 6.64129 -189.575
127 9.9567 -170.915
128 7.88771 -158.968
129 11.0276 -167.564
130 22.1662 -178.95
131 11.4363 -168.62
132 8.4401 -179.317
133 15.3632 -168.553
134 7.34497 -180.594
135 7.47685 -158.646
136 7.5788 -163.707
137 7.87461 -162.356
138 9.18973 -161.727
139 8.59337 -180.032
140 13.7054 -163.569
141 8.63438 -172.505
142 10.1227 -171.259
143 8.27565 -171.118
144 8.75387 -164.085
145 7.48158 -169.395
146 7.8178 -169.465
147 9.39367 -174.639
148 23.9341 -171.42
149 11.3725 -177.788
150 11.6053 -161.105
151 7.35368 -169.248
152 9.42214 -176.096
153 9.18758 -168.76
154 6.33533 -138.419
155 7.1875 -170.944
156 12.3823 -172.249
157 8.58103 -165.562
158 11.4325 -171.05
159 9.39984 -175.724
160 9.84401 -166.661
161 12.2633 -166.896
162 6.76228 -161.538
163 8.17152 -171.431
164 13.5315 -166.752
165 9.93376 -163.789
166 12.9869 -164.414
167 10.9313 -167.67
168 18.9384 -161.023
169 11.5814 -160.66
170 10.3931 -167.806
171 9.73967 -158.284
172 10.2494 -164.909
173 7.90137 -183.134
174 11.7651 -162.96
175 8.19113 -171.38
176 8.38325 -193.136
177 9.98903 -165.6
178 10.108 -168.918
179 7.13344 -154.982
180 14.976 -166.439
181 7.81238 -171.303
182 10.2015 -170.262
183 14.1498 -163.353
184 15.3829 -158.637
185 7.25259 -157.005
186 7.54111 -190.644
187 10.0928 -171.632
188 9.85573 -166.376
189 9.20672 -176.148
190 11.3029 -177.601
191 10.41 -165.086
192 8.38739 -159.568
193 9.07804 -170.222
194 8.07143 -178.695
195 6.81966 -144.339
196 18.0582 -159.946
197 11.6823 -169.415
198 13.3112 -164.402
199 16.4098 -156.654
200 16.2562 -163.258
201 7.76713 -159.002
202 8.10901 -165.855
203 10.0397 -171.798
204 8.74433 -173.423
205 7.65688 -166.945
206 8.77176 -174.284
207 10.3847 -175.112
208 6.67264 -165.332
209 9.9536 -174.787
210 8.39474 -167.716
211 7.47378 -167.012
212 7.46012 -168.625
213 12.6478 -166.508
214 13.3489 -163.959
215 9.03107 -165.274
216 10.5334 -171.366
217 10.3672 -169.242
218 23.1188 -169.738
219 7.83115 -162.381
220 8.81879 -168.072
