0 13.0376 -189.307
1 16.424 -176.502
2 9.63145 -160.778
3 10.5583 -189.387
4 14.0676 -176.096
5 10.6372 -193.711
6 15.8643 -180.193
7 11.3374 -180.77
8 15.447 -170.838
9 14.75 -181.592
10 9.32082 -179.584
11 10.4431 -177.428
12 11.7787 -189.695
13 13.2842 -183.665
14 9.97888 -177.602
15 9.54984 -189.932
16 17.6125 -179.927
17 18.8887 -176.729
18 10.2321 -179.308
19 10.9626 -181.839
20 9.9975 -169.169
21 9.68469 -170.31
22 10.8839 -181.71
23 12.8959 -178.354
24 9.23179 -152.687
25 9.68125 -197.592
26 9.54924 -189.045
27 11.0531 -189.135
28 12.7765 -164.674
29 9.22364 -177.729
30 13.3588 -183.22
31 10.2413 -187.402
32 11.2534 -172.464
33 7.95618 -163.281
34 11.1174 -189.203
35 11.933 -188.747
36 16.522 -177.568
37 9.65226 -162.363
38 12.2902 -186.584
39 12.6475 -191.478
40 13.7244 -182.597
41 13.0272 -188.05
42 15.4257 -175.187
43 10.5285 -215.757
44 9.52574 -168.945
45 9.60167 -191.059
46 10.9769 -186.258
47 10.0288 -200.107
48 10.1362 -172.682
49 12.5822 -186.315
50 12.4235 -184.936
51 9.52847 -169.4
52 11.297 -184.613
53 9.83088 -175.89
54 13.2504 -189.294
55 9.93744 -184.308
56 11.4354 -190.413
57 14.8206 -181.064
58 12.6396 -188.392
59 13.1495 -184.061
60 9.39631 -190.915
61 18.6613 -178.932
62 12.4402 -182.797
63 17.3725 -175.712
64 8.71224 -174.718
65 9.97181 -177.746
66 13.303 -188.491
67 10.305 -190.436
68 10.2998 -185.527
69 10.0662 -166.562
70 10.3438 -183.448
71 9.65935 -183.683
72 10.9659 -186.142
73 9.35858 -153.754
74 18.7713 -170.189
75 10.8009 -187.413
76 9.72001 -167.803
77 13.7449 -185.722
78 10.2033 -188.574
79 11.8485 -180.842
80 9.50883 -200.063
81 10.5555 -179.135
82 11.3852 -178.7
