0 14.1791 -185.012
1 7.87701 -192.176
2 6.91439 -196.884
3 7.98935 -194.738
4 12.1669 -194.822
5 11.7599 -196.135
6 7.07488 -185.27
7 7.42624 -192.962
8 8.82346 -191.69
9 8.77879 -191.934
10 13.0589 -191.892
11 10.9158 -194.393
12 7.81729 -186.544
13 7.22449 -192.096
14 9.94063 -195.698
15 10.3145 -195.89
16 9.01056 -192.753
17 6.82984 -194.305
18 9.63159 -194.773
19 8.99973 -194.641
20 11.0462 -196.159
21 4.31637 -207.562
22 13.5593 -182.887
23 7.54966 -191.208
24 8.93464 -192.007
25 10.7316 -190.931
26 6.80491 -182.968
27 15.6288 -183.477
28 9.05196 -190.229
29 7.63002 -188.119
30 7.61727 -187.561
31 7.52867 -180.827
32 12.7725 -187.726
33 8.73861 -200.418
34 6.75097 -181.269
35 9.44788 -194.195
36 7.87706 -189.335
37 8.75948 -193.56
38 7.868 -187.253
39 16.7578 -185.444
40 13.8906 -185.9
41 8.30013 -182.434
42 6.7009 -192.653
43 9.93519 -192.66
44 3.28982 -187.28
45 3.98603 -187.071
46 6.70516 -181.484
47 8.28815 -192.251
48 6.92188 -184.673
49 4.14128 -199.85
50 7.39036 -193.648
51 9.2839 -194.126
52 11.9917 -191.483
53 7.77515 -196.061
54 6.74854 -187.344
55 7.80546 -198.824
56 7.64759 -184.405
57 8.48283 -192.956
58 7.75735 -192.345
59 7.74773 -186.368
60 13.2223 -189.707
61 7.62441 -180.932
62 7.19911 -193.737
63 8.98575 -195.554
64 3.29117 -201.101
65 7.36138 -197.731
66 4.67846 -174.237
67 8.91265 -194.757
68 9.53168 -195.629
69 8.63763 -188.742
70 6.48521 -193.146
71 13.608 -179.225
72 11.7403 -189.769
73 11.3608 -195.323
74 8.62631 -193.175
75 15.6166 -189.521
76 8.25763 -197.877
77 11.0836 -195.535
78 5.82349 -184.276
79 8.47379 -195.053
80 15.7308 -187.647
81 6.78807 -202.042
82 7.7479 -196.85
83 13.9749 -186.64
84 9.49997 -197.881
85 10.0147 -196.065
86 8.52835 -191.856
87 8.23908 -189.743
88 10.1612 -194.559
89 8.36746 -194.124
90 7.97865 -192.358
91 11.7353 -190.129
92 7.55646 -192.651
93 7.82279 -192.354
94 8.5329 -192.094
95 9.40304 -200.905
96 7.52855 -191.118
97 11.7528 -192.228
98 6.9058 -193.349
99 8.81616 -195.087
100 5.24517 -185.825
101 3.95807 -161.378
102 14.5654 -185.355
103 9.62565 -188.833
104 9.6159 -191.671
105 15.0305 -182.636
106 6.76374 -195.09
107 8.14044 -192.943
108 7.20153 -187.135
109 7.77869 -190.053
110 18.8747 -188.521
111 15.6877 -183.814
112 8.85815 -203.449
113 9.6803 -193.048
114 19.6608 -184.487
115 8.69948 -197.327
116 7.3124 -193.394
117 6.90915 -194.994
118 8.84548 -186.935
119 6.77858 -190.205
120 10.7701 -194.675
121 8.45373 -189.37
122 7.12647 -190.732
123 8.84011 -196.568
124 6.5945 -197.74
125 7.84082 -188.814
126 7.26865 -186.536
127 7.83515 -183.579
128 12.5524 -192.085
129 12.5814 -193.063
130 6.83087 -191.713
131 6.9063 -191.86
132 13.3499 -189.459
133 9.17796 -193.891
134 7.58696 -192.497
135 8.18636 -193.837
136 7.83867 -192.376
137 13.4535 -185.848
138 16.9649 -179.314
139 7.52554 -193.499
140 6.64467 -189.001
141 5.05608 -173.615
142 7.48407 -191.017
143 10.4707 -193.128
144 8.38354 -185.039
145 15.5505 -180.713
146 8.97851 -203.111
147 7.72212 -203.85
148 5.75862 -205.135
149 7.71079 -189.324
150 13.442 -188.06
151 6.868 -184.006
152 8.40659 -191.372
153 11.3744 -193.019
154 6.63975 -195.439
155 7.75367 -190.043
156 18.3638 -184.409
157 15.4384 -180.498
158 7.47041 -191.35
159 7.41085 -189.397
160 6.38647 -191.027
161 15.082 -181.457
162 7.83886 -193.614
163 8.80902 -197.471
164 7.84203 -185.056
165 12.8153 -196.47
166 8.71531 -193.623
167 8.51809 -195.972
168 7.7754 -184.71
169 7.07617 -192.051
170 111.91 -191.557
171 7.64346 -193.459
172 7.08073 -191.124
173 7.77947 -197.576
174 3.56776 -199.47
175 4.86038 -204.786
176 6.91076 -190.937
177 7.23457 -191.092
178 7.52156 -190.957
179 9.32183 -183.092
180 8.23066 -196.265
181 4.68095 -174.958
182 8.84844 -195.213
183 9.73132 -197.894
184 6.71224 -188.025
185 10.5911 -197.758
186 8.00537 -186.042
187 3.09266 -192.828
188 7.7152 -193.571
189 8.27015 -190.647
190 9.01502 -198.775
191 11.1901 -190.231
192 7.69626 -197.39
193 7.75602 -196.426
194 12.9562 -191.653
195 8.2606 -192.838
196 14.2844 -183.071
197 8.17998 -194.667
198 8.15635 -193.739
199 9.62715 -197.848
200 7.08051 -192.316
201 7.36674 -190.512
202 6.60008 -187.128
203 13.7954 -187.494
204 6.24291 -182.712
205 10.8207 -187.853
206 6.47655 -184.674
207 8.80196 -194.229
208 8.34671 -198.64
209 4.22797 -194.747
210 6.33548 -188.411
211 7.4907 -189.728
212 8.4302 -189.793
213 7.42268 -195.13
214 14.136 -184.476
215 7.23341 -184.506
216 6.99671 -189.871
217 6.25105 -187.849
218 10.5101 -190.346
219 9.246 -190.574
220 13.6267 -182.818
221 7.73285 -185.098
222 7.35919 -188.123
223 7.10973 -185.745
224 14.6652 -182.346
225 7.66432 -184.847
226 3.92387 -192.088
227 7.47171 -189.507
228 6.32602 -173.019
229 7.81862 -195.998
230 14.5162 -183.328
231 14.3885 -189.066
232 7.04842 -191.543
233 12.779 -190.521
234 9.12723 -188.257
235 7.48863 -188.291
236 11.8224 -194.148
237 8.37479 -195.86
238 8.38459 -187.651
239 6.54726 -190.198
240 5.58466 -180.848
241 7.43202 -195.09
242 7.68615 -193.44
243 7.00049 -191.951
244 6.93511 -193.768
245 8.29979 -187.557
246 10.0797 -191.709
247 7.99793 -188.064
248 3.502 -189.309
249 7.56189 -188.808
250 5.56287 -175.724
251 3.97325 -195.96
252 111.912 -190.208
253 6.34052 -190.273
254 5.31408 -204.218
255 6.98968 -183.526
256 17.2848 -188.383
257 8.67371 -189.155
258 10.7352 -195.146
259 4.82725 -185.014
260 9.03779 -198.299
261 8.24276 -196.855
262 4.46412 -204.29
263 13.7178 -185.374
264 7.61313 -184.312
265 10.3364 -194.935
266 7.82822 -193.637
267 7.8819 -191.947
268 6.64108 -191.023
269 7.20121 -196.519
270 9.77396 -192.706
271 9.65159 -199.738
272 8.21753 -199.741
273 8.32897 -192.535
274 8.64687 -195.882
275 6.60085 -195.519
276 7.62848 -189.728
277 7.47063 -199.216
278 11.462 -197.293
279 9.15018 -192.26
280 12.2951 -192.735
281 8.27635 -192.63
282 12.5677 -186.935
283 8.14514 -193.415
284 9.66012 -190.549
285 7.24088 -185.179
286 8.15846 -193.843
287 6.85567 -187.367
288 12.6394 -191.252
289 6.49389 -181.34
290 6.84803 -181.997
291 7.00342 -185.582
292 10.4291 -195.766
293 3.6041 -183.37
294 8.38266 -192.482
295 7.58075 -197.918
296 7.59905 -190.082
297 8.48453 -196.686
298 7.55159 -195.477
299 8.31267 -198.344
300 7.68796 -188.294
301 7.6816 -193.44
302 8.8127 -187.349
303 7.33653 -193.971
304 7.37808 -193.481
305 7.1577 -198.332
306 8.9844 -185.706
307 11.4964 -190.501
308 7.49367 -190.799
309 15.4704 -186.779
310 6.76843 -182.728
311 8.54335 -190.558
312 8.69558 -188.815
313 15.015 -182.805
314 8.08715 -194.34
315 8.15394 -195.886
316 7.70078 -200.491
317 7.53067 -191.409
318 11.373 -190.502
319 13.5096 -186.461
320 10.982 -196.363
321 16.37 -181.583
322 7.28496 -189.681
323 6.46781 -202.779
324 3.66503 -210.81
325 7.03034 -194.786
326 9.65415 -194.783
327 7.49253 -192.438
328 7.73186 -191.484
329 7.81359 -193.213
330 12.0551 -189.268
331 5.50601 -192.469
332 21.4213 -186.243
333 19.7791 -185.145
334 13.2791 -186.926
335 8.61516 -188.456
336 6.13441 -180.66
337 8.5785 -196.111
338 15.1011 -181.722
339 10.9772 -196.203
340 7.44609 -186.747
341 9.98335 -189.223
342 6.58488 -189.799
343 9.41013 -186.678
344 10.2708 -195.919
345 19.1966 -182.501
346 9.21695 -191.655
347 11.6836 -190.974
348 14.1047 -184.265
349 7.22795 -191.027
350 8.28975 -197.28
351 4.69279 -186.437
352 6.92833 -194.27
353 8.82632 -190.275
354 7.87493 -189.568
355 9.67205 -191.405
356 15.6458 -183.577
357 6.93005 -187.663
358 5.88908 -194.178
359 9.73887 -193.097
360 10.2471 -189.337
361 7.70733 -190.592
362 5.6306 -188.815
363 7.9854 -191.622
364 7.68192 -192.048
365 7.86167 -188.023
366 6.13823 -217.407
