0 6.29234 -188.392
1 13.7521 -189.95
2 8.28212 -195.15
3 6.20533 -197.106
4 11.2627 -199.186
5 3.47804 -162.731
6 8.17164 -188.784
7 13.1243 -187.962
8 4.66169 -182.131
9 6.32738 -199.665
10 5.27047 -179.808
11 7.92307 -196.765
12 8.35684 -189.018
13 6.79558 -186.363
14 6.44296 -204.38
15 8.17867 -196.251
16 7.70964 -195.76
17 6.86961 -191.863
18 6.98663 -198.603
19 5.42888 -197.926
20 5.86852 -194.938
21 5.4007 -192.609
22 4.70736 -200.344
23 7.68475 -213.738
24 7.10193 -191.838
25 12.7462 -191.238
26 6.5102 -199.035
27 10.2411 -200.824
28 6.31619 -177.421
29 5.50842 -179.771
30 10.3608 -201.43
31 12.2069 -190.307
32 10.1128 -193.632
33 6.82509 -189.011
34 6.3607 -202.832
35 12.6313 -191.075
36 12.4543 -189.75
37 7.40999 -197.387
38 6.9628 -195.502
39 6.40629 -181.361
40 5.2128 -199.964
41 4.25085 -179.481
42 8.91726 -191.537
43 5.6907 -212.567
44 6.3449 -194.417
45 12.5341 -188.145
46 11.7616 -185.734
47 10.6421 -195.046
48 7.65159 -195.904
49 8.27536 -197.178
50 5.73722 -189.573
51 5.51593 -177.09
52 9.41851 -195.823
53 6.55803 -187.188
54 6.86835 -184.834
55 4.82936 -179.318
56 8.07074 -198.098
57 8.30489 -191.247
58 5.88449 -197.941
59 7.43406 -201.779
60 7.96477 -194.711
61 10.1057 -195.95
62 5.98599 -192.226
63 7.56824 -192.441
64 10.7696 -194.515
65 6.29281 -186.831
66 8.15804 -194.43
67 5.85705 -189.41
68 11.6267 -193.249
69 10.3996 -192.106
70 16.0501 -184.249
71 9.41536 -199.531
72 8.67193 -198.453
73 7.3402 -199.818
74 7.03048 -200.05
75 9.99938 -198.318
76 11.3528 -197.794
77 6.49588 -179.389
78 6.21246 -196.099
79 7.69959 -190.883
80 7.66105 -197.553
81 6.53061 -207.135
82 14.6192 -188.676
83 6.59426 -200.055
84 8.42495 -194.077
85 6.79203 -197.313
86 6.31725 -199.059
87 7.47501 -190.644
88 5.55825 -195.193
89 6.92446 -190.494
90 8.0757 -192.224
91 6.38796 -187.506
92 5.15115 -190.535
93 6.45772 -192.609
94 10.5217 -190.765
95 11.0128 -199.696
96 7.1183 -188.731
97 7.28806 -193.454
98 7.2082 -199.012
99 5.62814 -206.856
100 7.53542 -190.337
101 5.19645 -191.502
102 7.82001 -194.06
103 13.0931 -183.564
104 8.07015 -210.259
105 5.47569 -185.834
106 6.30663 -203.826
107 9.11219 -201.629
108 10.2485 -190.112
109 6.91746 -184.185
110 6.25614 -202.744
111 9.80854 -196.504
112 13.2401 -196.352
113 9.46634 -191.556
114 7.77278 -204.205
115 6.41788 -197.547
116 4.77227 -200.83
117 15.8228 -179.53
118 6.63841 -192.013
119 6.39065 -192.862
120 8.11415 -197.971
121 7.94034 -197.187
122 7.14904 -192.695
123 8.41698 -189.432
124 6.07435 -197.735
125 8.9537 -196.403
126 5.93939 -201.856
127 7.68201 -193.638
128 9.74009 -195.325
129 7.97459 -194.259
130 8.58684 -193.399
131 10.2681 -189.573
132 4.19991 -166.066
133 13.9639 -190.279
134 5.94809 -199.722
135 6.98624 -204.876
136 10.5666 -182.428
137 8.46214 -198.303
138 6.33882 -202.802
139 4.85559 -195.81
140 5.32103 -190.649
141 8.69313 -193.069
142 13.054 -187.525
143 6.234 -188.551
144 6.81085 -188.568
145 8.04996 -195.621
146 15.1498 -184.128
147 12.8192 -180.2
148 14.0165 -186.587
149 5.88073 -195.466
150 6.56883 -187.288
151 11.5509 -192.277
152 11.0925 -198.122
153 6.07191 -179.902
154 7.13205 -188.285
155 7.89985 -199.877
156 21.5307 -199.805
157 11.5242 -188.535
158 9.89478 -202.045
159 9.00072 -191.411
160 10.3051 -193.405
161 8.21717 -202.234
162 7.76303 -185.946
163 6.67162 -189.557
164 7.9479 -196.764
165 6.91633 -191.912
166 4.8841 -196.275
167 11.334 -191.262
168 6.70251 -187.719
169 9.45343 -193.41
170 6.78537 -204.927
171 6.33607 -190.587
172 8.39182 -195.488
173 6.97706 -192.044
174 6.2368 -208.181
175 6.09954 -200.84
176 8.49403 -187.983
177 8.25068 -193.957
178 6.78799 -192.508
179 8.66781 -193.879
180 5.98158 -198.41
181 9.4877 -204.38
182 14.9526 -183.248
183 5.71498 -200.334
184 11.3913 -192.097
185 3.72623 -211.096
186 8.54373 -198.009
187 12.0748 -184.731
188 7.02851 -193.651
189 6.50472 -191.46
190 14.9285 -180.139
191 7.03433 -194.092
192 7.32792 -193.608
193 9.67185 -198.188
194 6.97688 -193.771
195 14.4339 -195.177
196 11.4388 -191.721
197 11.3154 -191
198 7.68098 -182.955
199 4.62102 -209.313
200 6.22371 -194.05
201 9.59298 -203.602
202 7.07986 -197.872
203 12.2135 -192.948
204 9.00005 -193.7
205 5.954 -194.483
206 7.61402 -195.556
207 8.12403 -197.329
208 11.0318 -179.493
209 9.80831 -196.744
210 10.8168 -195.441
211 6.06787 -193.797
212 10.7362 -195.419
213 6.63102 -192.309
214 7.32628 -192.717
215 6.84224 -185.768
216 7.87633 -194.898
217 8.77403 -186.593
218 6.94127 -191.494
219 10.7842 -192.426
220 6.86902 -185.627
221 6.02189 -186.841
222 3.90277 -189.778
223 8.38992 -193.44
224 8.92365 -192.792
225 8.36842 -188.042
226 9.30341 -192.036
227 11.6277 -190.534
228 6.79206 -189.807
229 8.0377 -190.134
230 13.4402 -187.33
231 7.53974 -192.913
232 12.3875 -200.755
233 9.22873 -192.916
234 6.50654 -186.825
235 8.65562 -192.575
236 4.48684 -197.143
237 5.01067 -189.673
238 7.34083 -193.406
239 7.85672 -192.597
240 7.0932 -185.746
241 10.9553 -187.858
242 5.30538 -192.928
243 11.8735 -199.362
244 12.4069 -194.317
245 10.5599 -198.65
246 6.74338 -198.84
247 6.06888 -187.704
248 6.31133 -193.233
249 8.3383 -193.999
250 12.7074 -185.59
251 7.08159 -197.473
252 6.99673 -185.14
253 8.66204 -188.623
254 7.24077 -195.781
255 10.9107 -193.139
256 9.4267 -196.085
257 5.86939 -194.171
258 10.4773 -200.146
259 6.80063 -207.262
260 7.77084 -197.797
261 6.7875 -177.459
262 15.5554 -182.257
263 6.24385 -199.959
264 7.95241 -191.577
265 8.38049 -194.405
266 8.23704 -193.161
267 15.8991 -185.248
268 8.98316 -190.948
269 7.66208 -187.392
270 8.03788 -200.775
271 6.76281 -189.099
272 6.56167 -187.176
273 14.1596 -185.138
274 7.73063 -208.978
275 11.8887 -194.44
276 9.30922 -191.462
277 10.6482 -193.422
278 9.43734 -198.186
279 10.4756 -190.426
280 4.85908 -191.338
281 7.77021 -196.358
282 9.38537 -197.444
283 8.46788 -193.27
284 6.84321 -187.868
285 7.68754 -193.108
286 7.90194 -188.458
287 7.16869 -193.771
288 5.68055 -184.835
289 8.05256 -186.206
290 7.35297 -191.307
291 8.07398 -194.467
292 8.54286 -197.738
293 6.64537 -189.825
294 15.3531 -183.067
295 13.9491 -186.013
296 12.3835 -199.728
297 8.76737 -196.721
298 7.47666 -194.373
299 8.017 -203.596
300 6.44647 -205.295
301 6.78375 -192.481
302 6.53994 -191.991
303 8.42718 -199.132
304 7.60939 -194.489
305 5.36639 -192.964
306 6.95629 -185.966
307 7.28024 -202.122
308 7.85633 -198.788
309 14.2948 -185.17
310 8.24069 -202.133
311 6.31033 -190.289
312 14.2261 -188.206
313 6.44875 -193.771
314 13.6203 -185.704
315 9.7212 -202.251
316 8.00753 -197.351
317 5.06502 -171.77
318 6.61072 -192.655
319 11.0859 -193.823
320 9.1877 -199.474
321 7.97375 -198.576
322 9.42562 -195.151
323 15.7926 -180.155
324 10.93 -190.851
325 4.75802 -186.297
326 8.11832 -191.527
327 6.86188 -183.704
328 5.85479 -190.598
329 5.41882 -184.859
330 6.30411 -181.39
331 7.68354 -195.105
332 7.90929 -200.067
333 4.2503 -172.566
334 6.25708 -193.294
335 13.451 -184.256
336 7.35855 -188.008
337 12.8559 -193.465
338 9.54192 -203.227
339 11.394 -190.723
340 7.4838 -189.868
341 9.02524 -193.174
342 7.71975 -187.028
343 7.65623 -201.43
344 7.14138 -183.242
345 7.22862 -196.129
346 6.44569 -197.405
347 12.1362 -189.46
348 6.88587 -198.664
349 4.75489 -183.108
350 8.30002 -197.017
351 7.37114 -188.077
352 7.12529 -198.943
353 11.8029 -194.327
354 6.38846 -192.951
355 10.8589 -199.241
356 7.578 -192.256
357 7.51673 -197.777
358 7.07047 -184.177
359 7.36386 -189.188
360 5.04111 -172.231
361 6.16636 -190.112
362 8.46729 -191.636
363 6.20696 -186.216
364 9.9434 -190.823
365 7.49106 -188.52
366 5.52104 -180.578
367 6.83226 -194.406
368 10.1701 -194.841
369 9.59913 -197.366
370 8.31284 -185.708
371 15.5426 -183.336
372 13.3891 -187.197
373 6.81424 -191.114
374 4.80223 -167.44
375 8.74849 -191.942
376 11.902 -190.899
377 4.55978 -178.666
378 6.33136 -201.078
379 6.86148 -199.953
380 7.79937 -193.893
381 10.2621 -193.304
382 6.98831 -184.625
383 8.04811 -190.434
384 9.27952 -193.243
385 8.76158 -194.284
386 7.13774 -184.154
387 8.20747 -190.204
388 9.02085 -186.494
389 8.15742 -200.501
390 11.4722 -190.788
391 6.30204 -197.107
392 6.49601 -192.415
393 6.5894 -193.898
394 8.03304 -196.29
395 7.61136 -188.473
396 8.44651 -194.951
