0 8.04009 -173.754
1 8.63296 -186.004
2 8.76541 -182.084
3 7.88561 -166.915
4 12.5411 -166.388
5 9.29528 -182.808
6 9.20036 -180.065
7 10.2827 -175.378
8 9.94748 -178.175
9 10.3752 -171.285
10 6.94854 -173.299
11 11.3791 -188.001
12 10.0446 -171.971
13 7.65212 -168.187
14 15.6427 -180.102
15 12.2673 -174.264
16 8.62102 -181.408
17 8.29814 -170.538
18 12.3022 -178.07
19 22.3854 -189.491
20 6.46127 -152.185
21 6.47061 -182.891
22 6.97887 -186.825
23 7.27166 -173.422
24 18.7239 -188.247
25 19.8282 -183.576
26 12.0446 -189.708
27 7.56916 -182.163
28 14.6091 -161.274
29 8.99005 -168.71
30 15.548 -156.176
31 17.6055 -189.868
32 6.67037 -194.29
33 13.376 -176.975
34 7.39481 -172.224
35 7.86708 -165.34
36 19.9234 -181.869
37 13.5289 -180.095
38 7.22493 -167.225
39 9.78591 -182.932
40 12.4904 -185.513
41 15.241 -179.686
42 10.8426 -173.776
43 7.78533 -158.802
44 9.81988 -173.862
45 7.00902 -163.256
46 12.0631 -170.615
47 12.879 -175.638
48 14.6148 -160.284
49 9.09127 -166.638
50 16.1298 -160.705
51 10.9169 -186.189
52 9.38185 -173.571
53 8.43457 -182.87
54 23.1495 -186.405
55 12.6045 -170.16
56 9.26648 -172.949
57 13.275 -162.444
58 10.1679 -185.129
59 10.7568 -179.384
60 17.1095 -169.748
61 7.36973 -167.37
62 9.26394 -174.808
63 10.2333 -179.794
64 8.0009 -163.961
65 9.74638 -176.187
66 8.28351 -158.519
67 7.85009 -181.17
68 11.115 -172.756
69 9.38816 -185.835
70 13.2965 -176.46
71 13.9164 -167.508
72 14.4009 -167.368
73 8.87202 -183.542
74 16.4229 -168.132
75 11.3764 -172.652
76 12.2831 -145.15
77 12.3573 -170.107
78 9.50388 -181.363
79 9.14379 -175.099
80 7.80804 -174.006
81 12.3264 -167.957
82 9.74883 -176.266
83 17.8642 -183.634
84 6.76939 -169.652
85 10.6452 -171.066
86 12.8384 -180.174
87 8.0819 -158.383
88 13.3727 -162.834
89 8.58572 -172.781
90 12.1111 -184.524
91 6.57562 -183.883
92 7.89843 -167.005
93 11.5238 -178.119
94 8.85965 -181.542
95 15.8823 -180.574
96 7.95687 -175.239
97 6.26817 -159.501
98 9.88985 -182.249
99 10.3459 -173.138
100 7.63285 -170.731
101 10.2203 -180.891
102 8.7308 -194.63
103 7.94911 -168.825
104 8.5005 -178.821
105 10.7658 -186.574
106 10.4627 -174.163
107 9.12083 -178.632
108 8.48786 -172.619
109 8.16557 -173.786
110 12.0064 -180.686
111 12.0988 -173.204
112 8.23219 -163.272
113 9.51051 -176.494
114 15.9912 -169.404
115 14.2902 -166.148
116 15.0228 -178.859
117 13.606 -176.243
118 11.0985 -148.623
119 8.17015 -184.725
120 13.7982 -180.84
121 7.67708 -153.684
122 9.4907 -182.197
123 8.33336 -169.845
124 8.60609 -184.535
125 7.86423 -175.232
126 6.2733 -148.562
127 6.79012 -161.625
128 11.6043 -169.329
129 12.7516 -171.088
130 8.27698 -171.575
131 7.68105 -181.163
132 13.2337 -183.977
133 11.407 -181.429
134 7.45417 -169.83
135 11.38 -175.432
136 15.6355 -166.474
137 7.52016 -183.098
138 9.62338 -171.996
139 7.31539 -192.374
140 12.8925 -147.401
141 10.5502 -181.416
142 8.0811 -174.063
143 7.67698 -168.096
144 13.7806 -181.423
145 8.86221 -164.054
146 10.2048 -163.037
147 13.6227 -166.936
148 7.81475 -168.678
149 9.86156 -173.906
150 7.58112 -180.049
151 8.30677 -163.89
152 12.0058 -175.086
153 7.814 -172.192
154 12.6953 -160.358
155 13.982 -172.201
156 9.85236 -174.03
157 7.3476 -190.983
158 13.4943 -171.407
159 13.1232 -183.195
160 8.45875 -167.96
161 9.49947 -176.027
162 9.90215 -172.47
163 11.2337 -163.591
164 15.8369 -174.138
165 9.25799 -170.767
166 10.0664 -174.28
167 14.209 -165.514
168 19.132 -171.685
169 16.5883 -171.834
170 12.2331 -177.303
171 11.999 -176.736
172 9.81202 -185.425
173 10.0862 -167.266
174 12.7865 -178.254
175 8.8546 -171.373
176 11.3948 -182.543
177 6.63915 -146.97
178 10.1225 -147.542
179 15.0293 -164.409
180 11.1831 -174.701
181 8.67455 -168.688
182 9.45655 -188.562
183 13.5821 -162.748
184 16.3465 -164.471
185 8.56271 -185.503
186 8.23899 -172.47
187 11.2399 -167.559
188 14.7972 -169.862
189 12.7308 -179.083
190 10.6017 -171.368
191 14.0666 -187.69
192 8.24463 -188.993
193 9.99529 -179.389
194 8.1087 -178.632
195 10.5946 -172.399
196 7.02632 -180.73
197 13.3325 -166.304
198 9.03368 -172.393
199 8.05282 -173.686
200 18.1625 -185.087
201 10.0472 -178.075
202 9.98376 -173.599
203 9.19387 -178.284
204 14.3556 -175.748
205 10.8842 -174.392
206 11.28 -182.249
207 21.6601 -194.923
208 11.8686 -171.85
209 18.5401 -171.761
210 8.11517 -173.116
211 8.06678 -161.08
212 15.8592 -165.897
213 10.1828 -183.732
214 7.70785 -162.12
215 7.83085 -163.914
216 11.166 -175.672
217 10.2749 -180.752
218 16.2848 -168.66
219 17.8334 -175.482
220 14.8117 -186.892
221 7.51061 -152.012
222 13.2957 -166.202
223 8.25463 -162.942
224 8.2718 -160.887
225 10.0559 -169.433
226 6.45953 -148.691
227 15.3693 -162.903
228 12.4987 -165.811
229 5.87615 -163.676
230 7.84566 -174.33
231 7.40947 -155.479
232 15.5068 -161.16
233 11.6049 -176.648
234 13.381 -169.826
235 9.09874 -167.887
236 6.13529 -165.736
237 6.76431 -199.834
238 6.73814 -159.433
239 13.3081 -171.09
240 7.49995 -157.39
241 18.5676 -166.546
242 9.97506 -165.957
243 18.0965 -185.444
244 9.08142 -167.073
245 13.5404 -167.362
246 7.59927 -163.242
247 9.53401 -155.974
248 14.2976 -159.768
249 12.9435 -179.369
250 15.5346 -177.124
251 7.99994 -162.845
252 9.37767 -177.307
253 9.62448 -165.913
254 11.0305 -170.649
255 7.5465 -158.753
256 8.48627 -168.661
257 9.21353 -178.202
258 8.93676 -166.993
259 19.0704 -182.994
260 11.2714 -161.505
261 11.847 -172.105
262 9.60269 -163.28
263 10.0945 -171.916
264 10.5029 -174.642
265 10.4553 -163.135
266 13.4131 -168.26
267 12.9454 -160.287
268 5.82437 -151.746
269 8.20272 -160.929
270 7.81408 -167.236
271 8.34217 -196.808
272 7.65911 -164.579
273 8.22719 -158.434
274 7.75764 -194.254
275 7.97657 -173.713
276 17.8148 -183.357
277 7.25387 -188.687
278 9.74853 -165.575
279 10.8396 -154.201
280 7.88643 -168.127
281 7.05898 -167.671
282 7.76396 -161.61
283 9.91507 -168.624
284 13.7901 -172.153
285 7.88795 -176.502
286 15.9486 -167.331
287 11.6888 -166.526
288 7.42229 -167.493
289 6.47571 -163.987
290 22.0117 -186.655
291 10.5881 -168.814
292 11.9385 -164.302
293 10.6792 -164.41
294 7.8386 -157.969
295 12.351 -178.554
296 6.804 -186.586
297 12.9486 -161.704
298 7.16534 -159.358
299 8.6825 -171.207
300 11.257 -164.517
301 7.25012 -176.812
302 10.4493 -161.894
303 7.83602 -169.919
304 10.3297 -168.773
305 8.48667 -189.999
306 9.42768 -198.455
307 8.36448 -166
308 15.0475 -162.192
309 7.26193 -165.731
310 7.93079 -149.28
311 13.2898 -176.163
312 12.3411 -165.193
313 10.1173 -170.527
314 15.6067 -156.88
315 13.1836 -160.992
316 11.021 -164.409
317 11.6179 -154.794
318 8.4939 -172.757
319 11.3656 -169.942
320 7.00782 -151.631
321 11.9564 -185.455
322 13.0448 -169.13
323 9.02455 -166.869
324 7.6675 -196.431
325 11.729 -179.655
326 9.79413 -181.563
327 8.64047 -153.113
328 17.4507 -178.395
329 8.64169 -174.418
330 7.90766 -153.557
331 6.21806 -149.553
332 10.3316 -167.765
333 8.14578 -166.354
334 11.4536 -176.974
335 8.343 -167.24
336 12.2985 -165.436
337 7.27166 -160.7
338 8.90158 -166.793
339 10.6013 -171.116
340 17.3247 -175.146
341 7.65794 -188.829
342 9.53272 -199.94
343 14.1197 -166.8
344 8.95976 -172.778
345 8.84584 -165.069
346 11.1905 -162.943
347 12.8653 -173.111
348 8.06732 -162.039
349 7.51722 -162.272
350 9.24413 -161.001
351 10.8974 -173.009
352 9.47481 -165.302
353 6.24346 -148.875
354 7.62684 -162.793
355 12.036 -181.1
356 7.97433 -159.392
357 10.0469 -164.135
358 12.5825 -165.422
359 12.63 -166.551
360 7.72525 -168.988
361 10.5683 -160.731
362 11.1042 -177.718
363 15.927 -167.447
364 10.1592 -171.42
365 6.17974 -184.386
366 10.4295 -166.451
367 6.84776 -186.462
368 7.13963 -157.677
369 13.8726 -164.738
370 11.8121 -165.164
371 6.75015 -154.604
372 6.84705 -150.375
373 6.665 -151.725
374 7.8784 -150.055
375 10.7063 -166.498
376 8.65862 -164.289
377 8.45575 -179.071
378 9.29429 -166.291
379 9.3763 -170.731
380 11.3296 -165.149
381 16.7373 -154.98
382 7.48409 -184.26
383 14.846 -160.596
384 7.82362 -191.069
385 8.08598 -150.083
386 14.9892 -166.027
387 7.81606 -148.594
388 12.9126 -155.18
389 8.72275 -156.528
390 9.52733 -168.905
391 13.6168 -156.81
392 12.5326 -156.962
393 10.4672 -168.945
394 11.6416 -152.723
395 14.1609 -166.846
396 7.625 -196.284
397 9.14643 -194.395
398 15.6941 -170.143
399 7.28729 -165.97
400 7.3735 -155.528
401 10.0313 -175.284
402 6.81883 -162.206
403 12.2457 -165.727
404 6.33204 -171.78
405 7.77424 -161.408
406 13.3974 -170.131
407 11.8908 -163.59
408 18.2759 -165.815
409 9.46956 -199.972
410 7.4988 -160.609
411 10.0348 -173.049
412 12.9706 -164.034
413 13.1994 -157.969
414 7.22392 -188.839
415 12.1157 -172.519
416 10.3134 -177.79
417 8.01311 -166.942
418 7.31637 -148.385
419 7.37331 -157.153
420 11.8971 -164.701
421 10.6519 -171.568
422 7.30578 -154.731
423 13.4508 -163.733
424 19.2302 -166.964
425 10.0088 -178.799
426 10.4935 -171.9
427 10.8335 -167.49
428 10.1793 -169.047
429 8.49499 -176.034
430 6.49781 -151.992
431 12.6817 -159.58
432 6.12254 -169.693
433 7.1725 -177.356
434 12.2138 -173.492
435 10.253 -167.304
436 15.8409 -161.157
437 18.3053 -168.147
438 11.9401 -162.771
439 9.98637 -175.957
440 9.27754 -169.27
441 12.8894 -158.385
442 13.0659 -162.03
443 7.44486 -174.783
444 11.0326 -179.633
445 9.46068 -168.448
446 7.68066 -187.827
447 9.01988 -173.703
448 9.52984 -169.617
449 14.6202 -169.007
450 14.8542 -175.269
451 8.88983 -180.668
452 7.58167 -160.616
453 10.5143 -163.013
454 8.42024 -174.163
455 8.5994 -167.711
456 9.68981 -168.94
457 12.8632 -146.113
458 8.14028 -182.603
459 12.9343 -178.524
460 10.5051 -173.024
461 10.7453 -175.29
462 15.0925 -170.374
463 11.3183 -174.799
464 7.2798 -146.223
465 16.8625 -197.296
466 7.65387 -166.491
467 8.47231 -182.089
468 7.22678 -171.648
469 10.7162 -184.483
470 10.9138 -180.979
471 6.58528 -170.587
472 10.3669 -167.309
473 8.54203 -173.81
474 10.3445 -172.525
475 13.0247 -178.329
476 8.92322 -169.022
477 16.9994 -181.243
478 10.19 -177.48
479 7.55106 -178.978
480 14.9689 -170.392
481 16.6411 -168.631
482 6.70355 -152.318
483 11.0431 -174.034
484 8.48379 -194.383
485 10.3276 -169.587
486 15.2345 -170.058
487 8.38082 -170.244
488 11.1988 -174.816
489 7.69491 -168.025
490 8.99102 -164.7
491 15.9641 -167.981
492 6.73989 -192.938
493 12.4251 -169.846
494 13.5607 -145.911
495 10.2506 -172.615
496 9.19194 -174.501
497 13.4877 -178.532
498 11.7511 -149.343
499 18.494 -190.753
500 8.41993 -196.59
501 9.11868 -176.018
502 8.37106 -194.51
503 7.26322 -192.216
504 10.255 -173.645
505 14.3327 -180.596
506 13.2508 -166.48
507 6.83701 -165.281
508 6.5772 -149.339
509 8.95402 -187.433
510 7.77332 -165.151
511 9.23484 -183.257
512 11.5027 -145.011
513 6.86062 -160.607
514 8.55081 -173.644
515 7.18182 -182.224
516 7.11572 -186.186
517 6.43587 -156.465
518 15.0238 -169.565
519 9.10344 -170.418
520 11.9158 -187.793
521 8.00107 -170.486
522 15.0197 -188.25
523 18.175 -186.149
524 8.15661 -164.723
525 7.7478 -176.967
526 11.0017 -179.986
527 13.7253 -175.23
528 13.478 -175.622
529 15.8637 -175.899
530 7.50845 -177.675
531 10.4245 -177.744
532 14.8752 -163.578
533 8.87692 -179.776
534 18.6494 -163.145
535 18.8183 -193.605
536 8.22483 -176.994
537 9.1195 -179.708
538 7.71159 -168.672
539 7.97113 -170.766
540 6.5573 -153.496
541 10.6541 -176.609
542 9.96641 -175.813
543 9.88227 -184.613
544 8.56821 -171.216
545 14.2414 -167.411
546 9.23824 -178.629
547 11.7063 -175.014
548 11.3609 -189.463
549 6.64384 -163.958
550 10.0024 -169.212
551 8.66792 -169.527
552 7.17637 -174.977
553 10.2742 -174.808
554 11.5371 -149.846
555 11.4681 -172.291
556 7.63197 -159.122
557 9.55388 -178.909
558 9.66683 -170.046
559 13.9186 -178.133
560 10.7043 -175.32
561 8.00191 -168.387
562 8.59192 -178.498
563 7.53068 -176.002
564 10.4576 -170.625
565 9.97151 -183.937
566 9.14707 -169.99
567 11.4379 -174.264
568 7.6018 -159.014
569 7.87201 -175.992
570 9.93603 -173.29
571 9.32727 -181.197
572 7.10832 -149.723
573 9.54681 -179.681
574 8.35306 -181.468
575 6.91415 -183.907
576 22.3727 -175.152
577 7.21292 -150.434
578 6.7561 -161.122
579 10.578 -169.842
580 16.1616 -167.387
581 16.3561 -181.602
582 12.6081 -177.772
583 12.2594 -182.415
584 12.2509 -166.892
585 10.0333 -171.656
586 12.9578 -182.549
587 8.04842 -171.246
588 12.1194 -180.365
589 12.3971 -168.081
590 23.1477 -179.35
591 11.6487 -171.555
592 16.6077 -182.659
593 7.63106 -190.496
594 11.7028 -173.434
595 10.0091 -170.23
596 10.5147 -179.933
597 12.9738 -173.854
598 14.0804 -165.323
599 12.6477 -187.253
600 6.63377 -187.493
601 9.25028 -172.331
602 14.1411 -156.61
603 12.235 -175.13
604 13.0681 -175.002
605 6.77526 -199.584
606 15.5764 -177.712
607 10.1646 -177.986
608 12.5849 -180.318
609 13.649 -163.129
610 6.64231 -197.376
611 8.0304 -167.902
612 7.89041 -168.893
613 10.932 -182.49
614 9.4574 -174.502
615 6.62577 -164.729
616 8.31305 -182.234
617 9.00034 -176.308
618 10.5435 -169.779
619 10.7116 -187.515
620 7.37875 -165.237
621 11.5154 -185.458
622 7.65248 -184.748
623 7.93392 -173.317
624 7.2303 -181.716
625 9.45246 -177.649
626 8.65518 -169.981
627 7.35242 -170.621
628 7.69447 -168.718
629 13.4324 -177.8
630 9.58564 -191.435
631 11.929 -168.904
632 6.28904 -163.177
633 8.93221 -175.095
634 13.687 -168.888
635 15.1165 -157.884
636 8.66891 -175.537
637 6.56019 -161.459
638 16.0773 -172.258
639 13.7665 -169.71
640 6.50516 -170.714
641 12.6213 -176.257
642 10.4792 -179.256
643 7.31888 -155.991
644 12.2786 -185.42
645 13.1555 -171.49
646 6.99938 -197.305
647 9.86017 -179.145
648 10.8765 -182.68
649 10.765 -193.398
650 12.1257 -163.312
651 15.3699 -187.155
652 11.7129 -185.018
653 18.5284 -181.971
654 7.14308 -177.455
655 11.4408 -176.702
656 8.60035 -173.202
657 7.27835 -174.229
658 9.11747 -197.721
659 8.19348 -185.686
660 9.63543 -182.483
661 9.60442 -185.664
662 10.6625 -177.836
663 7.77461 -160.145
664 10.684 -169.853
665 10.9797 -176.226
666 18.7863 -172.41
667 12.6321 -170.762
668 8.01676 -173.843
669 16.9513 -166.979
670 11.0437 -171.761
671 10.4794 -170.085
672 15.3042 -169.951
673 7.11314 -174.727
674 18.2537 -180.532
675 6.63757 -163.841
676 10.4277 -169.412
677 9.8528 -175.08
678 11.4885 -182.057
679 8.89014 -179.13
680 9.5859 -173.224
681 9.52113 -168.473
682 9.43143 -168.613
683 8.06616 -176.174
684 9.05368 -181.028
685 11.3702 -176.134
686 13.18 -170.647
687 14.0838 -185.156
688 8.35943 -188.838
689 10.4707 -176.323
690 9.39614 -169.753
691 16.158 -170.807
692 11.3864 -184.511
693 9.50843 -175.713
694 12.4098 -173.193
695 10.3709 -172.48
696 8.56467 -171.573
697 8.59223 -178.466
698 9.77685 -169.541
699 9.2699 -171.336
700 8.42739 -179.587
701 7.85175 -177.686
702 9.66785 -179.814
703 9.59252 -176.891
704 6.60544 -170.556
705 10.7038 -172.448
706 12.6839 -165.82
707 7.39411 -195.991
708 8.93754 -198.453
709 12.5501 -153.956
710 7.1388 -175.656
711 9.88057 -177.833
712 7.14701 -196.289
713 10.2977 -171.423
714 8.23771 -168.761
715 7.45934 -164.288
716 13.7815 -180.454
717 12.956 -158.668
718 8.82753 -167.205
719 10.8289 -172.463
720 8.45164 -178.854
721 8.484 -171.361
722 10.2205 -171.177
723 8.11621 -185.456
724 10.0323 -181.114
725 8.67736 -184.483
726 7.42854 -185.917
727 6.5681 -147.198
728 12.8269 -160.56
729 7.61096 -186.294
730 9.87081 -181.147
731 9.98189 -173.328
732 8.1573 -180.045
733 8.93833 -166.06
734 8.93765 -181.298
735 7.74909 -170.052
736 9.00782 -166.682
737 10.4028 -168.414
738 6.84894 -165.094
739 11.389 -174.293
740 8.55279 -180.867
741 6.85583 -182.029
742 14.0852 -164.999
743 8.11097 -199.229
744 8.7525 -186.71
745 7.63541 -189.532
746 7.31476 -160.904
747 6.95909 -177.042
748 12.1144 -173.185
749 11.5832 -180.592
750 7.64847 -179.275
751 7.37328 -169.125
752 12.9607 -170.249
753 12.5511 -165.359
754 6.93007 -195.228
755 18.3575 -174.93
756 10.8722 -178.173
757 10.6826 -175.668
758 8.16008 -182.425
759 7.7904 -172.811
760 12.1315 -180.704
761 17.9732 -173.395
762 15.7382 -174.747
763 14.6685 -163.893
764 11.8521 -174.963
765 7.93024 -163.378
766 11.2777 -177.738
767 10.2069 -176.83
768 11.9339 -172.625
769 11.7644 -172.842
770 10.9934 -177.271
771 10.7775 -174.714
772 8.90308 -174.587
773 7.12599 -186.975
774 6.68374 -189.071
775 19.7256 -190.435
776 7.47458 -159.312
777 7.12472 -165.28
778 10.9313 -177.807
779 14.8999 -176.168
780 8.53982 -172.369
781 8.9429 -171.867
782 10.0046 -172.619
783 11.2217 -182.97
784 5.89913 -146.151
785 8.34075 -173.231
786 11.3191 -186.457
787 7.14533 -156.519
788 7.13564 -187.287
789 6.46995 -176
790 7.8229 -167.654
791 8.0991 -167.658
792 11.6337 -166.297
793 7.23891 -194.289
794 10.6244 -169.833
795 8.54324 -161.908
796 7.23459 -195.665
797 11.5972 -170.742
798 10.0377 -168.104
799 11.3075 -174.459
800 8.19715 -158.377
801 8.15782 -174.335
802 8.37676 -192.785
803 7.97652 -168.625
804 10.8867 -168.485
805 17.13 -172.706
806 6.22278 -165.145
807 12.6616 -172.905
808 8.15177 -185.407
809 8.5321 -192.577
810 12.4796 -159.401
811 10.6232 -161.583
812 10.8558 -165.68
813 15.7404 -160.481
814 16.8427 -156.985
815 7.58924 -167.394
816 9.68607 -164.684
817 13.0998 -171.461
818 10.6755 -172.364
819 6.82167 -183.445
820 10.0656 -166.925
821 11.1628 -167.564
822 10.963 -167.825
823 9.13165 -173.417
824 7.65899 -150.555
825 21.7745 -166.344
826 6.9441 -188.326
827 16.005 -167.998
828 9.17125 -168.926
829 10.5367 -171.779
830 10.7054 -164.927
831 8.3851 -172.425
832 8.97179 -162.851
833 9.66624 -168.293
834 16.0221 -165.341
835 18.3797 -172.295
836 10.5318 -181.985
837 12.146 -161.944
838 7.12647 -161.037
839 6.48398 -149.678
840 7.7629 -179.902
841 9.52011 -194.716
842 15.6333 -156.174
843 6.39326 -161.926
844 10.6046 -171.896
845 7.28168 -155.293
846 16.9242 -170.191
847 7.36031 -162.577
848 11.4857 -173.016
849 9.46103 -157.275
850 12.9139 -174.253
851 7.8952 -182.807
852 6.27465 -185.191
853 15.5833 -186.045
854 10.6212 -169.573
855 7.6114 -159.322
856 8.64074 -171.572
857 13.1689 -153.582
858 6.84213 -172.246
859 11.6987 -178.885
860 9.18697 -172.264
861 19.1993 -160.852
862 10.5574 -164.735
863 14.5606 -175.1
864 22.1212 -178.181
865 14.5699 -154.771
866 9.34332 -172.251
867 8.75373 -157.22
868 10.4778 -169.662
869 8.79573 -169.549
870 10.2496 -169.325
871 8.81039 -164.57
872 8.0867 -152.369
873 10.5127 -169.303
874 7.74064 -166.444
875 6.81593 -176.452
876 9.7318 -170.642
877 8.59237 -160.963
878 13.8491 -172.137
879 12.4456 -169.469
880 7.96807 -170.294
881 22.3871 -185.659
882 8.12014 -171.117
883 13.3283 -158.72
884 7.40664 -153.281
885 13.5515 -166.121
886 7.34815 -159.83
887 20.6378 -185.096
888 9.22121 -164.494
889 6.44907 -187.431
890 14.7261 -157.053
891 13.9081 -170.081
892 11.9813 -176.368
893 7.45294 -161.507
894 7.79797 -149.69
895 6.73602 -163.314
896 8.80324 -191.609
897 14.4039 -158.275
898 7.92914 -167.575
899 10.652 -163.004
900 8.05297 -158.926
901 16.8228 -161.704
902 7.39099 -168.709
903 8.11795 -155.816
904 12.2659 -168.18
905 8.11635 -189.182
906 9.07277 -163.366
907 8.16463 -154.223
908 13.5684 -170.325
909 8.16768 -155.168
910 10.0085 -169.448
911 16.7253 -156.627
912 10.6542 -172.483
913 9.58852 -176.075
914 9.07863 -164.537
915 9.62408 -168.009
916 10.4727 -176.736
917 11.4928 -168.818
918 10.6592 -175.792
919 12.1434 -158.703
920 6.5219 -183.23
921 12.7476 -163.31
922 13.7238 -167.32
923 7.72067 -182.703
924 10.2471 -184.498
925 7.88511 -167.879
926 7.57329 -179.885
927 12.1192 -177.444
928 10.7785 -180.629
929 6.93205 -176.299
930 13.5274 -178.242
931 12.8294 -171.009
932 6.46323 -155.54
933 12.5736 -166.499
934 8.62323 -174.289
935 11.2522 -170.591
936 17.3528 -185.298
937 5.85419 -172.059
938 8.85034 -161.939
939 9.8273 -176.811
940 10.2388 -175.844
941 7.69671 -161.962
942 11.1431 -179.098
943 10.4834 -169.477
944 9.17949 -179.333
945 10.7777 -174.949
946 8.17704 -177.052
947 17.7502 -175.17
948 20.9447 -190.197
949 10.1321 -180.044
950 9.845 -172.411
951 10.1554 -175.686
952 7.73319 -182.753
953 8.47078 -179.006
954 15.9105 -179.372
955 7.79158 -184.583
956 9.64734 -172.576
957 9.91221 -177.365
958 7.01066 -161.975
959 7.23616 -167.736
960 7.86367 -166.056
961 7.72764 -173.335
962 6.86127 -178.641
963 21.5148 -189.643
964 15.5691 -179.646
965 7.33894 -186.048
966 17.1853 -169.342
967 8.23566 -164.02
968 7.80677 -175.493
969 10.5118 -171.924
970 10.3 -178.898
971 8.44344 -188.791
972 11.9927 -167.627
973 8.22448 -187.084
974 18.8957 -179.054
975 6.2179 -179.106
976 11.7214 -175.636
977 8.44836 -182.307
978 10.7695 -175.62
979 11.3775 -184.601
980 12.4566 -168.75
981 13.1365 -178.785
982 15.2408 -145.522
983 9.02979 -176.593
984 14.3863 -171.778
985 8.35669 -171.372
986 14.5592 -165.802
987 12.7562 -176.194
988 11.107 -179.424
989 11.3069 -172.554
990 12.3766 -167.972
991 7.32493 -185.811
992 13.8313 -186.487
993 9.92536 -172.168
994 20.2575 -190.481
995 6.68235 -159.385
996 9.44702 -165.642
997 12.4792 -170.803
998 6.83435 -169.64
999 11.7341 -166.879
1000 11.0028 -145.125
1001 6.3698 -170.342
1002 7.87678 -174.862
1003 8.46322 -182.199
1004 9.85155 -182.996
1005 10.9925 -167.522
1006 9.27639 -183.217
1007 10.084 -170.476
1008 9.28341 -184.068
1009 7.48051 -186.95
1010 11.6073 -180.589
1011 13.8024 -175.856
1012 13.4054 -167.399
1013 7.50862 -174.48
1014 12.6425 -183.667
1015 12.059 -175.143
1016 8.04956 -196.276
1017 13.1529 -169.794
1018 8.08229 -168.082
1019 10.4037 -172.364
1020 8.27566 -177.488
1021 9.24719 -179.031
1022 6.26723 -149.774
1023 8.80706 -174.405
1024 10.7457 -172.298
1025 11.9163 -173.633
1026 12.689 -179.03
1027 8.12449 -173.786
1028 8.952 -172.932
1029 9.34775 -174.866
1030 8.19673 -180.202
1031 8.22982 -176.511
1032 7.39517 -194.521
1033 7.83758 -185.152
1034 8.55462 -164.496
1035 9.01618 -173.402
1036 7.87009 -176.003
1037 7.91115 -162.886
1038 10.1052 -181.555
1039 10.3037 -180.573
1040 6.33344 -164.809
1041 14.3518 -163.223
1042 7.67489 -166.765
1043 9.2207 -177.588
1044 7.68502 -178.37
1045 10.0971 -189.964
1046 11.4115 -180.809
1047 8.43028 -175.462
1048 7.41893 -175.712
1049 8.92782 -179.744
1050 9.12557 -177.419
1051 8.34954 -187.14
1052 7.13121 -179.317
1053 6.93148 -185.675
1054 8.21353 -194.289
1055 7.36429 -190.918
1056 21.913 -188.906
1057 9.314 -176.556
1058 7.83867 -168.701
1059 7.47975 -189.146
1060 8.19547 -171.645
1061 7.17383 -160.492
1062 9.20992 -166.965
1063 6.00178 -184.64
1064 6.06307 -148.285
1065 7.0275 -149.517
1066 6.76461 -169.505
1067 6.21557 -164.574
1068 10.3103 -183.081
1069 10.748 -182.833
1070 16.4066 -179.803
1071 10.8402 -165.018
1072 8.49376 -159.313
1073 13.868 -182.767
1074 6.78241 -158.057
1075 9.16335 -170.808
1076 10.63 -176.882
1077 21.8067 -190.987
1078 16.4256 -171.811
1079 13.0191 -170.268
1080 11.83 -174.379
1081 6.79265 -190.451
1082 13.4539 -172.317
1083 17.3537 -170.132
1084 7.74931 -189.424
1085 8.37702 -181.375
1086 11.1067 -183.369
1087 11.5358 -168.173
1088 9.21638 -173.582
1089 8.2682 -196.076
1090 10.0812 -170.376
1091 8.42674 -167.505
1092 6.3364 -162.319
1093 13.2541 -174.623
1094 11.4996 -162.389
1095 7.22263 -173.064
1096 10.2958 -174.483
1097 8.55176 -159.394
1098 6.98523 -170.129
1099 9.72699 -174.62
1100 10.4096 -175.443
1101 17.4839 -172.676
1102 9.35696 -191.985
1103 13.7967 -167.245
1104 10.588 -179.747
1105 15.369 -177.267
1106 14.5254 -183.9
1107 7.38273 -164.207
1108 15.7196 -167.042
1109 9.09182 -170.552
1110 18.0112 -174.981
1111 10.4255 -177.241
1112 7.81373 -168.163
1113 11.013 -170.23
1114 10.3972 -175.631
1115 9.87106 -175.367
1116 12.3926 -188.181
1117 6.40096 -163.862
1118 6.88588 -164.335
1119 19.3417 -192.702
1120 9.15241 -198.198
1121 9.30125 -176.592
1122 13.2285 -173.397
1123 11.8109 -169.009
1124 7.23457 -184.661
1125 6.59847 -150.923
1126 8.28095 -198.537
1127 10.7864 -171.27
1128 12.5001 -171.617
1129 9.90738 -176.489
1130 9.15913 -162.644
1131 6.11107 -163.512
1132 13.0744 -171.562
1133 7.89957 -179.325
1134 8.79342 -172.915
1135 19.5038 -178.787
1136 8.54026 -178.995
1137 9.80162 -174.409
1138 12.1928 -145.767
1139 7.24722 -190.632
1140 11.5467 -187.869
1141 10.2649 -175.911
1142 9.13929 -182.718
1143 10.308 -174.263
1144 12.4201 -181.852
1145 8.26575 -165.333
1146 9.85517 -183.389
1147 7.54726 -173.192
1148 16.08 -179.353
1149 6.05631 -150.832
1150 8.59956 -170.671
1151 11.3095 -181.501
1152 9.20649 -186.36
1153 8.94031 -181.516
1154 8.90687 -177.194
1155 16.4588 -180.149
1156 14.2008 -164.584
1157 15.6234 -167.87
1158 11.7759 -177.258
1159 13.0391 -169.307
1160 12.0478 -171.154
1161 10.8627 -176.064
1162 11.5738 -179.212
1163 6.70966 -167.843
1164 6.3587 -149.446
1165 12.7405 -170.785
1166 6.55748 -160.857
1167 7.48641 -198.933
1168 10.5697 -175.653
1169 8.86452 -184.309
1170 7.22002 -163.846
1171 19.6412 -182.184
1172 11.1556 -180.296
1173 14.8412 -169.228
1174 9.1883 -173.609
1175 10.9635 -146.338
1176 11.7765 -149.337
1177 7.35335 -160.124
1178 13.3272 -181.452
1179 10.3104 -173.629
1180 11.2079 -172.725
1181 9.21829 -190.51
1182 7.19739 -170.817
1183 10.6739 -170.944
1184 7.85231 -179.45
1185 8.01986 -168.978
1186 7.75149 -178.499
1187 12.1411 -177.479
1188 11.9647 -179.702
1189 12.4236 -178.089
1190 18.8261 -186.473
1191 8.81121 -177.021
1192 9.28941 -184.811
1193 7.19509 -163.363
1194 6.67267 -163.379
1195 13.9352 -156.933
1196 9.0222 -181.992
1197 10.1363 -181.042
1198 9.32302 -175.424
1199 7.56022 -174.351
1200 10.0519 -185.294
1201 14.6737 -170.63
1202 9.2366 -173.766
1203 9.68795 -176.49
1204 13.0694 -180.557
1205 17.9621 -184.709
1206 8.859 -178.338
1207 13.0699 -165.727
1208 10.7917 -185.4
1209 8.21995 -170.956
1210 10.9199 -177.248
1211 9.7709 -175.208
1212 10.3786 -173.942
1213 12.728 -169.27
1214 8.57137 -198.409
1215 16.7105 -177.89
1216 8.59567 -173.629
1217 13.4884 -166.054
1218 8.28489 -172.319
1219 12.8604 -172.77
1220 9.97283 -179.184
1221 7.68563 -153.578
1222 12.0311 -147.339
1223 10.1861 -187.979
1224 22.6898 -192.132
1225 15.2859 -168.832
1226 15.7056 -180.74
1227 10.5164 -171.932
1228 10.8035 -177.494
1229 11.0671 -179.625
1230 8.21748 -175.683
1231 15.9705 -176.543
1232 15.5881 -166.942
1233 7.87204 -170.045
1234 8.41044 -178.793
1235 14.5574 -175.34
1236 12.3835 -176.859
1237 11.232 -187.297
1238 7.73767 -172.09
1239 9.07912 -175.216
1240 11.8753 -169.825
1241 11.2404 -152.949
1242 7.20725 -177.962
1243 7.32193 -167.521
1244 14.1993 -179.159
1245 7.26866 -158.634
1246 7.17295 -151.419
1247 11.5624 -192.511
1248 8.69343 -167.722
1249 8.20106 -184.493
1250 8.45303 -181.941
1251 10.1365 -171.73
1252 9.83774 -171.277
1253 9.77791 -164.617
1254 10.1707 -173.314
1255 16.8664 -176.231
1256 8.2586 -167.392
1257 14.1341 -169.542
1258 10.0612 -170.746
1259 7.45289 -172.923
1260 10.1352 -192.331
1261 9.22372 -168.992
1262 13.7619 -175.407
1263 9.68452 -171.757
1264 10.1956 -168.909
1265 17.0778 -175.252
1266 6.93059 -181.416
1267 9.31035 -176.073
1268 10.2277 -173.103
1269 8.28638 -175.683
1270 13.4658 -161.944
1271 7.84024 -186.757
1272 22.0054 -183.93
1273 8.58092 -171.095
1274 9.48105 -172.163
1275 12.0742 -182.415
1276 12.6353 -174.878
1277 9.37035 -175.806
1278 8.19119 -170.104
1279 10.1636 -175.003
1280 10.8022 -181.914
1281 10.7943 -173.915
1282 11.3939 -192.14
1283 10.7096 -170.283
1284 19.1232 -178.526
1285 6.0358 -158.314
1286 10.1829 -183.248
1287 8.90149 -176.207
1288 10.9297 -171.987
1289 15.5181 -171.279
1290 9.7338 -174.275
1291 11.2652 -176.018
1292 11.9534 -169.613
1293 6.77265 -167.586
1294 11.07 -171.306
1295 8.75888 -187.118
1296 11.9857 -182.433
1297 17.829 -173.639
1298 8.45826 -172.689
1299 6.94548 -164.382
1300 9.12879 -174.234
1301 22.5014 -181.874
1302 12.1339 -171.329
1303 7.75552 -165.708
1304 10.6852 -173.449
1305 11.8456 -177.554
1306 9.81461 -175.523
1307 16.1139 -161.94
1308 9.87471 -162.707
1309 9.13342 -169.46
1310 13.6899 -170.766
1311 8.36111 -166.122
1312 10.6438 -168.516
1313 8.17404 -169.892
1314 10.2923 -181.216
1315 14.5443 -157.423
1316 10.703 -155.664
1317 12.8712 -161.184
1318 7.15182 -150.252
1319 6.6165 -153.386
1320 7.6326 -178.687
1321 18.5722 -169.814
1322 10.4665 -173.996
1323 7.69101 -162.43
1324 7.29975 -165.506
1325 9.06932 -165.699
1326 11.4019 -168.855
1327 12.0989 -174.285
1328 11.8158 -165.827
1329 8.99021 -158.666
1330 8.60721 -168.552
1331 8.36387 -158.326
1332 6.86286 -167.281
1333 11.0684 -175.396
1334 8.97231 -162.174
1335 13.1423 -165.483
1336 12.9622 -163.113
1337 7.8294 -193.927
1338 8.8285 -176.354
1339 8.98744 -162.551
1340 11.8484 -181.556
1341 8.00165 -175.402
1342 16.0876 -158.139
1343 7.98161 -159.258
1344 14.2238 -161.508
1345 5.92439 -170.975
1346 7.66673 -151.942
1347 7.36152 -155.789
1348 11.1316 -178.441
1349 14.1954 -158.102
1350 8.90192 -161.57
1351 16.1948 -174.678
1352 6.64406 -192.153
1353 12.4913 -192.11
1354 8.96244 -164.916
1355 7.28774 -159.142
1356 8.57152 -196.55
1357 10.2567 -166.335
1358 6.65282 -149.114
1359 13.4281 -157.421
1360 12.2976 -163.919
1361 12.483 -158.395
1362 12.9668 -166.514
1363 7.74188 -164.065
1364 12.5852 -167.74
1365 8.28202 -191.235
1366 8.35729 -152.386
1367 8.41136 -163.206
1368 8.66303 -199.114
1369 8.20454 -167.033
1370 12.5212 -159.259
1371 20.1941 -178.836
1372 7.24969 -185.518
1373 9.28323 -194.23
1374 9.70148 -198.484
1375 8.52663 -163.605
1376 15.9986 -151.177
1377 7.27889 -158.219
1378 15.9866 -161.102
1379 9.61787 -165.576
1380 9.8417 -167.657
1381 9.94241 -171.357
1382 8.92406 -164.331
1383 13.129 -157.129
1384 8.52821 -159.925
1385 9.46582 -179.422
1386 9.24715 -157.909
1387 8.03819 -151.763
1388 15.0444 -162.431
1389 7.26922 -160.253
1390 7.28178 -173.6
1391 7.26102 -160.284
1392 8.93334 -161.454
1393 21.2972 -166.213
1394 8.3116 -173.718
1395 7.1132 -178.257
1396 8.77644 -151.749
1397 7.02468 -191.537
1398 10.6498 -167.412
1399 12.9358 -163.113
1400 11.132 -177.327
1401 12.7782 -173.667
1402 7.64252 -165.977
1403 9.01596 -159.342
1404 21.2396 -180.428
1405 10.2779 -176.576
1406 10.1292 -165.881
1407 13.0369 -157.913
1408 14.9938 -160.839
1409 7.22589 -165.34
1410 7.98015 -165.173
1411 12.6862 -174.728
1412 10.5828 -167.025
1413 8.77066 -178.299
1414 8.01498 -154.189
1415 6.72199 -184.563
1416 8.82401 -165.118
1417 8.86717 -166.596
1418 9.18407 -166.388
1419 11.973 -156.532
1420 10.8032 -166.277
1421 20.2888 -182.221
1422 10.1075 -166.331
1423 9.17905 -165.302
1424 10.8676 -165.907
1425 16.1354 -171.229
1426 8.78809 -160.828
1427 10.2279 -168.715
1428 8.29099 -153.062
1429 8.81725 -160.57
1430 9.15172 -198.2
1431 6.43822 -159.475
1432 20.4888 -183.475
1433 9.09022 -173.469
1434 7.76404 -167.866
1435 11.4267 -178.466
1436 9.04002 -173.186
1437 10.8194 -166.54
1438 15.5618 -163.43
1439 8.98143 -153.806
1440 12.9684 -154.464
1441 6.01661 -157.035
1442 7.41513 -155.049
1443 5.81635 -160.733
1444 10.4124 -171.541
1445 9.35349 -168.568
1446 8.35479 -189.637
1447 13.3199 -156.716
1448 14.0166 -155.155
1449 8.7912 -162.962
1450 8.64478 -170.745
1451 14.902 -159.276
