0 11.14 -168.741
1 7.43782 -172.673
2 8.78054 -184.095
3 8.47404 -172.034
4 18.0505 -186.102
5 7.38477 -189.627
6 8.64432 -171.968
7 8.43433 -171.11
8 9.0229 -186.354
9 9.86394 -186.659
10 13.5976 -168.792
11 8.84681 -173.178
12 9.01864 -179.388
13 9.88231 -180.894
14 10.4632 -186.433
15 7.74479 -166.672
16 12.9558 -166.724
17 19.5002 -182.867
18 9.36318 -181.931
19 10.4952 -179.459
20 14.2921 -174.022
21 13.9763 -178.726
22 7.92248 -162.577
23 10.2363 -183.042
24 6.70699 -159.959
25 7.77523 -189.621
26 12.0878 -175.791
27 7.34922 -177.958
28 14.3347 -159.942
29 9.26201 -177.835
30 7.50405 -168.127
31 8.54801 -175.934
32 12.1532 -174.661
33 8.13888 -161.326
34 13.9318 -172.489
35 15.9827 -170.233
36 22.2768 -175.107
37 8.94452 -189.614
38 7.8442 -161.548
39 10.8872 -177.059
40 7.82082 -173.406
41 9.0913 -181.591
42 13.5855 -173.213
43 6.53226 -158.637
44 8.1028 -170.918
45 9.88374 -182.771
46 11.2891 -173.861
47 10.7692 -185.679
48 8.07735 -165.883
49 10.7947 -174.403
50 7.62238 -167.722
51 11.036 -175.673
52 9.66985 -168.445
53 7.68287 -176.692
54 8.99166 -175.922
55 9.89736 -176.647
56 9.37206 -170.821
57 8.12694 -169.376
58 9.51779 -182.047
59 7.57669 -170.182
60 8.92369 -177.167
61 10.2287 -174.763
62 14.4046 -162.818
63 7.89042 -172.365
64 9.54757 -177.047
65 12.3906 -169.682
66 8.06466 -174.792
67 12.9706 -175.365
68 9.46358 -175.814
69 13.7989 -168.367
70 8.54086 -184.874
71 16.9863 -175.883
72 7.94176 -171.964
73 12.5433 -179.746
74 12.9241 -169.919
75 11.4919 -174.738
76 7.0676 -180.004
77 14.7475 -164.25
78 17.0313 -169.257
79 9.23941 -175.967
80 10.8657 -175.505
81 10.3173 -181.805
82 9.73598 -178.294
83 9.20751 -177.372
84 10.3763 -183.388
85 15.2768 -172.401
86 8.14017 -162.926
87 13.7209 -169.383
88 19.8322 -175.787
89 10.8696 -190.585
90 11.0458 -177.338
91 17.5247 -176.458
92 8.29054 -175.161
93 13.4029 -165.093
94 8.49816 -173.055
95 7.86598 -163.464
96 7.34923 -166.909
97 10.9442 -166.385
98 13.2216 -176.622
99 8.09947 -186.397
100 7.05978 -185.16
101 7.44051 -170.514
102 12.1976 -171.587
103 7.75345 -186.999
104 8.98904 -176.536
105 7.41722 -164.797
106 10.245 -167.123
107 10.9555 -174.403
108 8.01516 -164.165
109 6.53214 -168.355
110 7.81817 -173.673
111 7.3712 -176.895
112 10.3547 -181.788
113 10.6526 -179.771
114 15.1079 -168.522
115 7.96114 -175.59
116 6.75329 -172.632
117 7.94389 -179.439
118 9.64158 -175.779
119 21.448 -175.511
120 8.62047 -180.1
121 9.17705 -181.275
122 8.63958 -161.303
123 10.3262 -179.317
124 15.3379 -170.747
125 8.42851 -177.334
126 7.6375 -167.669
127 8.04505 -178.472
128 10.3137 -175.35
129 8.58569 -181.186
130 8.29492 -174.655
131 6.74991 -156.26
132 10.644 -176.042
133 8.461 -169.738
134 11.692 -176.109
135 17.0287 -169.256
136 9.83186 -178.887
137 8.20279 -167.834
138 8.60166 -175.924
139 7.18984 -190.538
140 13.5251 -173.584
141 11.6965 -180.959
142 10.9409 -177.597
143 13.1448 -174.173
144 7.8994 -182.34
145 10.0523 -176.651
146 13.321 -167.381
147 20.1676 -175.956
148 16.5282 -168.927
149 10.5733 -178.127
150 10.7956 -172.404
151 8.83813 -171.387
152 7.95506 -189.218
153 7.05105 -181.888
154 9.24533 -171.806
155 19.142 -177.311
156 10.5912 -171.478
157 9.817 -176.865
158 12.47 -166.599
159 8.07713 -162.721
160 7.57946 -184.943
161 7.96904 -171.627
162 10.2477 -177.223
163 8.19139 -177.851
164 8.14356 -175.221
165 10.9944 -173.218
166 13.4582 -160.9
167 8.18756 -173.026
168 11.0949 -172.501
169 7.63823 -173.528
170 11.7201 -182.776
171 8.15724 -176.225
172 10.4831 -172.337
173 10.2564 -181.57
174 13.0353 -172.44
175 8.4803 -173.088
176 10.4817 -174.042
177 7.59373 -161.248
178 8.54468 -179.637
179 10.4391 -174.985
180 7.71403 -168.541
181 10.2263 -177.014
182 9.87414 -178.01
183 15.3105 -171.72
184 10.0077 -173.85
185 13.7863 -169.774
186 7.12741 -159.934
187 7.45435 -186.953
188 7.74509 -192.325
189 10.3305 -182.789
190 11.8691 -165.604
191 7.8069 -173.509
192 7.38388 -184.306
193 8.4832 -165.333
194 14.6866 -168.674
195 9.60786 -169.775
196 17.2066 -171.16
197 11.574 -177.567
198 8.98994 -186.594
199 12.5509 -167.676
200 13.6682 -166.687
201 11.2962 -169.408
202 12.943 -170.885
203 9.32536 -167.148
204 9.54287 -179.683
205 8.75238 -175.344
206 8.9435 -173.328
207 7.29038 -181.36
208 9.03508 -179.701
209 8.7534 -172.689
210 10.5911 -181.666
211 11.1912 -179.96
212 8.90701 -167.664
213 7.81974 -191.481
214 14.2677 -168.982
215 8.83454 -188.211
216 12.4827 -180.885
217 13.1024 -162.516
218 14.4317 -162.208
219 21.0053 -163.592
220 7.71566 -168.085
221 6.74904 -145.109
222 7.29833 -153.941
223 21.4322 -170.542
224 12.0927 -166.497
225 6.70838 -187.527
226 9.69892 -161.976
227 7.37519 -165.057
228 21.0987 -157.274
229 10.186 -163.777
230 10.3778 -163.246
231 6.80925 -145.121
232 7.02953 -142.353
233 10.1158 -173.4
234 11.9262 -165.035
235 20.2208 -183.967
236 9.95129 -171.417
237 7.95848 -154.659
238 7.77913 -166.087
239 7.61457 -165.689
240 13.517 -159.405
241 8.83847 -175.759
242 10.521 -168.682
243 10.9857 -173.25
244 8.05086 -162.091
245 8.19847 -171.651
246 6.56812 -167.789
247 13.5228 -153.463
248 16.2877 -149.975
249 12.4028 -168.196
250 12.2616 -170.724
251 9.33934 -161.432
252 8.58813 -178.266
253 8.77699 -162.765
254 11.4077 -172.173
255 12.1251 -155.588
256 8.51496 -165.453
257 8.37253 -158.861
258 19.2838 -164.8
259 7.74499 -175.88
260 11.5938 -169.634
261 9.37326 -174.084
262 12.3338 -167.451
263 7.17061 -170.301
264 11.8989 -164.801
265 15.5325 -160.063
266 8.38253 -170.941
267 13.7193 -165.258
268 16.1208 -164.833
269 6.3332 -140.006
270 8.88512 -174.027
271 13.4249 -159.862
272 12.859 -164.101
273 7.22142 -186.321
274 8.59818 -160.853
275 6.85902 -155.506
276 9.29291 -171.286
277 9.09717 -170.272
278 7.95474 -183.731
279 10.5933 -174.313
280 7.33453 -191.203
281 6.49512 -190.525
282 8.57635 -165.539
283 10.2558 -162.073
284 20.3756 -162.322
285 6.76732 -160.718
286 10.0883 -173.728
287 10.2185 -171.666
288 8.68204 -168.723
289 16.6182 -161.355
290 11.7782 -172.295
291 11.0088 -165.052
292 12.101 -169.224
293 9.86537 -168.527
294 19.9389 -176.015
295 7.31021 -156.621
296 8.20469 -153.062
297 9.1575 -170.909
298 7.07021 -169.021
299 8.37037 -163.535
300 9.69685 -166.793
301 8.66629 -168.332
302 8.01286 -167.474
303 19.4384 -155.359
304 6.99501 -166.835
305 10.5704 -184.679
306 11.3927 -176.642
307 9.74426 -173.286
308 7.81131 -179.698
309 15.9922 -158.416
310 9.5591 -169.991
311 13.8409 -165.15
312 6.61528 -163.264
313 7.70805 -157.652
314 15.4347 -155.358
315 18.3091 -165.09
316 9.65119 -179.657
317 10.1462 -159.529
318 7.89349 -163.194
319 19.7863 -169.291
320 12.3813 -171.834
321 18.781 -159.303
322 15.9388 -159.929
323 9.21528 -172.01
324 10.0703 -179.472
325 12.6804 -162.384
326 9.60377 -179.044
327 12.2545 -160.772
328 9.60324 -171.536
329 10.4683 -169.484
330 8.52433 -163.313
331 6.70231 -151.187
332 9.88173 -183.515
333 9.67205 -167.121
334 7.53548 -159.502
335 10.3754 -168.628
336 6.55418 -182.967
337 8.80247 -154.565
338 7.16631 -153.774
339 8.97782 -170.209
340 10.629 -176.243
341 11.3479 -174.745
342 7.56679 -163.3
343 9.34983 -164.801
344 6.94501 -174.893
345 8.5371 -168.429
346 7.02646 -175.377
347 8.08767 -157.998
348 11.3758 -174.125
349 6.75932 -155.478
350 8.16634 -171.427
351 8.56959 -169.759
352 9.0312 -182.806
353 7.95354 -159.31
354 15.497 -155.276
355 9.80327 -167.705
356 10.5362 -170.427
357 8.80131 -168.708
358 15.8639 -160.598
359 13.9616 -159.146
360 12.0986 -162.713
361 11.5246 -172.338
362 8.66587 -165.352
363 9.30834 -169.196
364 11.8442 -172.319
365 13.2824 -167.856
366 7.47112 -146.111
367 9.77701 -152.56
368 10.7211 -171.495
369 12.3437 -166.829
370 7.43207 -146.773
371 9.90613 -168.691
372 8.26404 -168
373 7.91462 -169.503
374 6.96475 -176.547
375 7.32037 -157.145
376 12.7888 -157.818
377 9.44025 -166.069
378 9.67885 -169.789
379 13.3411 -160.917
380 7.80833 -170.01
381 18.3151 -158.93
382 24.5451 -154.343
383 7.89061 -158.982
384 8.65805 -161.957
385 7.87151 -166.47
386 11.5772 -168.808
387 8.02943 -176.902
388 9.1765 -165.859
389 6.30848 -144.644
390 8.60722 -174.014
391 7.8905 -169.516
392 7.51332 -156.071
393 7.65472 -169.359
394 7.99854 -172.05
395 11.3239 -162.872
396 8.07624 -171.008
397 10.6363 -171.377
398 9.93846 -175.751
399 7.15375 -154.589
400 10.2371 -170.354
401 7.97838 -156.209
402 12.612 -165.844
403 6.54311 -162.838
404 12.5244 -159.484
405 13.2596 -164.909
406 10.373 -175.298
407 9.12337 -169.071
408 12.2007 -168.826
409 13.6512 -165.461
410 16.3599 -161.444
411 9.44225 -172.225
412 8.28924 -152.731
413 21.9244 -170.508
414 7.27343 -158.011
415 7.3794 -167.375
416 13.3667 -143.844
417 8.84204 -165.605
418 7.71017 -176.044
419 10.61 -177.777
420 6.35824 -150.534
421 6.36473 -149.494
422 8.5494 -159.916
423 8.13047 -155.575
424 9.96793 -167.204
425 10.8531 -166.437
426 9.83056 -169.267
427 15.8665 -163.809
428 7.97069 -170.951
429 7.75936 -159.007
430 7.775 -176.433
431 7.59371 -177.051
432 7.41301 -160.319
433 8.77164 -151.685
434 6.76409 -165.883
435 15.6842 -163.37
436 11.1895 -168.301
437 11.1685 -171.135
438 10.9062 -174.623
439 8.80684 -159.105
440 9.55813 -178.357
441 11.711 -165.261
442 7.60174 -158.415
443 9.48854 -172.474
444 8.14258 -152.034
445 6.83436 -135.093
446 7.77408 -172.417
447 8.98454 -171.854
448 14.2919 -164.073
449 10.163 -165.034
450 10.2895 -171.148
451 10.9482 -174.87
452 7.01194 -160.221
453 15.0556 -158.864
454 8.91664 -173.606
455 8.44211 -167.357
456 9.2813 -159.021
457 14.6757 -152.415
458 6.51462 -155.452
459 9.68786 -174.803
460 12.5927 -169.57
461 16.197 -173.411
462 18.656 -182.201
463 7.24123 -168.275
464 9.19728 -182.289
465 10.2258 -169.582
466 8.68737 -177.435
467 7.50224 -157.149
468 7.10791 -177.09
469 7.5709 -185.493
470 7.40833 -169.449
471 10.2718 -180.956
472 13.1872 -171.581
473 9.65892 -173.375
474 9.31302 -176.93
475 10.7012 -174.918
476 9.15931 -187.633
477 11.8576 -174.139
478 10.6469 -173.722
479 13.6501 -170.964
480 10.5553 -186.51
481 7.28971 -200.367
482 6.8006 -158.363
483 7.79873 -163.343
484 13.8374 -165.93
485 8.85981 -182.716
486 10.8379 -176.613
487 6.9479 -177.449
488 7.01798 -168.93
489 7.81378 -160.258
490 9.09836 -185.528
491 12.2688 -173.102
492 10.0051 -182.876
493 13.2248 -174.378
494 7.31013 -189.359
495 11.1828 -182.202
496 7.82169 -172.648
497 9.58613 -176.333
498 7.75864 -180.515
499 7.26648 -173.121
500 23.3785 -181.836
501 8.74137 -186.547
502 7.04938 -168.884
503 15.739 -165.513
504 7.42016 -172.674
505 7.69752 -188.554
506 9.30607 -176.295
507 7.60103 -168.943
508 8.90953 -177.557
509 7.73737 -181.379
510 11.8995 -167.378
511 13.9224 -176.901
512 10.1729 -178.791
513 10.3439 -175.965
514 12.3259 -177.611
515 8.05479 -179.893
516 13.5276 -178.539
517 13.1711 -171.911
518 9.95717 -169.321
519 9.28694 -182.218
520 9.87679 -176.019
521 14.3174 -176.95
522 8.95464 -172.187
523 8.42359 -172.3
524 9.47673 -172.895
525 10.625 -179.543
526 15.2634 -163.105
527 10.054 -182.013
528 7.09622 -182.84
529 10.5856 -182.026
530 7.457 -169.313
531 10.1679 -184.624
532 11.494 -177.576
533 9.60154 -179.494
534 8.51354 -170.572
535 8.10037 -177.153
536 7.21962 -172.516
537 8.47068 -177.557
538 12.8531 -176.767
539 10.3072 -173.502
540 8.83187 -174.768
541 15.7248 -165.793
542 8.25634 -177.735
543 9.08847 -183.042
544 7.94818 -163.909
545 7.67606 -165.344
546 7.90094 -159.253
547 9.0971 -172.437
548 7.93722 -182.394
549 9.82042 -170.273
550 9.02528 -180.987
551 7.80002 -172.386
552 11.5606 -175.585
553 12.1401 -171.518
554 10.2282 -176.245
555 7.85728 -160.642
556 9.97812 -175.364
557 12.5761 -170.412
558 13.3629 -170.982
559 8.37413 -173.741
560 10.3279 -166.6
561 7.02345 -174.2
562 10.907 -176.768
563 11.0227 -176.85
564 13.322 -167.66
565 13.0789 -172.001
566 8.79373 -189.952
567 8.68495 -169.039
568 7.27139 -183.411
569 8.96344 -170.797
570 8.14413 -168.09
571 10.7306 -175.417
572 15.2115 -166.408
573 8.19889 -182.867
574 7.62643 -166.457
575 10.2403 -192.585
576 12.5617 -168.831
577 13.2306 -168.723
578 13.0786 -174.253
579 9.12086 -178.947
580 7.30542 -184.568
581 7.51182 -169.914
582 13.6061 -167.828
583 6.64376 -164.859
584 14.7511 -164.147
585 9.14891 -174.954
586 8.18785 -174.605
587 16.2004 -174.601
588 18.4412 -171.303
589 15.0668 -163.821
590 8.36375 -180.408
591 10.442 -183.828
592 8.82622 -188.616
593 6.48953 -181.459
594 7.70606 -162.532
595 10.3289 -189.621
596 8.36857 -157.45
597 12.6433 -172.438
598 18.5161 -165.371
599 7.58219 -166.458
600 7.54233 -180.861
601 14.8305 -173.173
602 11.3947 -181.833
603 10.2264 -180.676
604 10.2594 -178.268
605 12.8276 -174.599
606 8.82709 -159.949
607 9.04576 -189.587
608 9.16694 -173.062
609 9.0652 -190.465
610 7.02765 -193.233
611 13.3477 -170.892
612 11.6545 -171.186
613 7.57056 -167.765
614 9.36577 -181.662
615 18.6223 -171.031
616 10.6944 -174.086
617 15.8459 -174.116
618 8.94222 -157.949
619 7.69516 -180.597
620 9.10607 -166.816
621 12.1838 -171.565
622 9.27708 -179.37
623 7.68179 -151.815
624 8.98349 -164.297
625 7.65435 -168.825
626 13.7076 -171.011
627 10.6897 -170.165
628 8.17847 -184.89
629 8.33367 -180.683
630 11.9589 -177.586
631 10.6646 -182.323
632 9.9616 -177.347
633 10.547 -174.602
634 9.00151 -180.452
635 9.38306 -176.416
636 20.3184 -175.543
637 10.9115 -173.963
638 6.59914 -152.97
639 7.72637 -168.235
640 7.55163 -165.331
641 8.72789 -171.209
642 10.9332 -175.784
643 7.24895 -173.566
644 7.24412 -176.522
645 7.175 -166.04
646 6.76827 -179.811
647 12.3676 -175.828
648 9.79821 -177.59
649 9.58825 -168.408
650 6.37313 -166.279
651 10.7465 -176.948
652 7.13989 -160.39
653 9.9062 -175.951
654 11.4592 -181.302
655 7.42466 -189.138
656 8.88172 -173.489
657 8.50986 -184.41
658 14.5236 -170.224
659 10.2504 -181.227
660 6.8192 -193.327
661 18.4444 -172.062
662 12.2085 -173.045
663 14.6142 -169.096
664 14.6468 -166.213
665 8.57796 -175.035
666 10.1346 -179.667
667 10.5942 -173.726
668 8.0365 -194.081
669 9.94576 -176.513
670 8.09347 -171.545
671 13.0655 -172.378
672 10.0612 -183.166
673 7.69211 -188.815
674 13.2399 -179.821
675 11.0744 -179.375
676 9.93542 -185.4
677 12.6186 -173.828
678 21.0509 -170.606
679 7.53132 -159.701
680 6.698 -187.287
681 22.9932 -170.881
682 7.9649 -190.766
683 7.59963 -177.902
684 10.328 -178.987
685 7.49419 -175.263
686 14.7526 -168.262
687 7.02442 -168.162
688 12.8685 -172.748
689 14.2296 -172.97
690 7.10697 -157.443
691 7.83967 -177.414
692 7.68889 -190.598
693 13.5487 -171.079
694 7.7057 -158.557
695 8.33883 -177.609
696 8.24563 -165.537
697 9.43619 -181.559
698 13.3503 -162.79
699 10.4848 -168.874
700 9.11381 -171.332
701 9.30627 -173.55
702 13.5599 -164.918
703 8.41269 -149.835
704 14.605 -172.988
705 10.1536 -172.995
706 14.1099 -173.784
707 8.77903 -172.882
708 9.79413 -180.914
709 9.25814 -157.779
710 7.43382 -152.042
711 17.9284 -167.164
712 14.3833 -159.775
713 7.02508 -164.473
714 13.3891 -171.952
715 8.19047 -179.889
716 7.60452 -169.611
717 7.96176 -183.579
718 7.81972 -165.724
719 8.28609 -174.993
720 12.2867 -173.302
721 10.1537 -165.872
722 8.85579 -177.738
723 8.89468 -176.759
724 8.28592 -173.99
725 8.90912 -161.205
726 7.78884 -154.428
727 12.1642 -167.532
728 10.9727 -163.996
729 12.8278 -161.376
730 8.88686 -172.4
731 12.8442 -177.912
732 9.26528 -176.203
733 9.45302 -178.331
734 15.911 -164.531
735 8.01506 -173.354
736 12.6345 -176.354
737 9.1482 -176.937
738 9.57038 -189.714
739 10.0975 -186.088
740 8.69695 -169.593
741 11.2331 -176.666
742 13.0284 -173.485
743 7.89572 -199.868
744 19.4286 -171.576
745 11.1094 -181.08
746 8.15415 -162.441
747 7.98882 -168.952
748 16.7395 -163.365
749 10.0836 -186.924
750 14.8196 -166.335
751 9.6959 -177.214
752 9.21193 -182.69
753 8.49705 -175.401
754 15.7721 -175.695
755 8.55229 -169.418
756 16.6881 -156.805
757 20.965 -175.561
758 8.68514 -159.386
759 13.2299 -173.657
760 7.03226 -188.543
761 9.30671 -176.971
762 9.21843 -182.714
763 8.01261 -180.649
764 10.7942 -179.077
765 21.4397 -174.247
766 7.92674 -166.079
767 8.876 -165.206
768 12.3561 -174.695
769 11.506 -174.535
770 16.3331 -168.093
771 9.32288 -178.206
772 12.3066 -177.683
773 7.86018 -180.283
774 13.6648 -166.417
775 9.71668 -181.076
776 11.5233 -166.589
777 11.2067 -168.767
778 12.7299 -164.195
779 8.13341 -165.171
780 10.7096 -177.046
781 9.47126 -174.94
782 6.44282 -170.209
783 11.821 -175.037
784 9.26734 -165.025
785 8.98639 -182.492
786 9.15295 -172.812
787 13.6097 -162.494
788 10.7214 -159.931
789 8.95283 -168.056
790 12.0476 -164.572
791 11.45 -158.122
792 9.137 -164.535
793 10.5166 -171.192
794 7.69128 -182.144
795 7.99232 -164.783
796 21.3549 -171.551
797 6.60862 -163.409
798 9.91751 -171.12
799 16.3042 -161.92
800 7.06172 -167.453
801 12.3071 -174.532
802 11.72 -169.166
803 9.65119 -161.104
804 11.2982 -158.932
805 8.73131 -172.074
806 13.7875 -158.433
807 10.3715 -158.22
808 10.0904 -168.132
809 7.51912 -151.485
810 16.9086 -162.677
811 9.2533 -177.862
812 8.2082 -165.248
813 9.06676 -157.395
814 10.2276 -169.468
815 12.8764 -160.018
816 7.73256 -176.858
817 9.17954 -154.282
818 9.96064 -160.82
819 7.668 -158.786
820 9.75142 -175.783
821 6.90607 -161.284
822 16.3065 -165.945
823 8.69691 -164.636
824 8.95466 -174.315
825 13.2986 -159.292
826 14.4875 -156.186
827 13.21 -157.993
828 8.76522 -163.634
829 12.7299 -161.007
830 8.92828 -171.82
831 10.3077 -157.826
832 18.3031 -163.737
833 8.46464 -173.424
834 9.13658 -157.824
835 13.6718 -161.12
836 7.92094 -144.098
837 6.36662 -150.004
838 9.86245 -166.614
839 19.8672 -157.62
840 11.4768 -157.516
841 10.1744 -167.146
842 16.5514 -154.426
843 21.2302 -166.433
844 12.4027 -164.957
845 18.9753 -163.572
846 7.90319 -168.769
847 8.36354 -181.445
848 12.0855 -161.969
849 8.60207 -170.274
850 9.80029 -165.386
851 13.8189 -161.495
852 7.92781 -143.609
853 6.34327 -151.56
854 12.0963 -174.366
855 13.1097 -151.493
856 8.12682 -157.412
857 7.11713 -165.167
858 10.4447 -161.53
859 7.30125 -159.504
860 8.79437 -177.978
861 6.59183 -169.63
862 16.1326 -160.129
863 11.276 -167.552
864 9.43875 -176.387
865 8.23029 -151.038
866 7.21877 -152.492
867 7.08534 -170.338
868 13.8007 -160.901
869 11.2285 -168.217
870 9.44748 -184.363
871 8.67122 -172.412
872 10.8865 -181.334
873 7.62024 -150.161
874 8.12908 -156.862
875 9.13216 -176.331
876 8.28384 -181.487
877 13.9804 -165.268
878 8.28781 -168.688
879 20.6488 -164.621
880 13.9003 -166.466
881 10.2035 -171.497
882 8.95129 -168.424
883 9.63263 -168.767
884 6.91235 -171.186
885 16.72 -157.949
886 6.69259 -186.423
887 10.8788 -167.665
888 9.79214 -159.638
889 12.7157 -166.067
890 8.97457 -175.713
891 10.2596 -166.191
892 9.01835 -164.045
893 9.50381 -172.254
894 11.0833 -173.662
895 19.3159 -159.396
896 9.75416 -159.977
897 7.71864 -141.8
898 10.4603 -159.911
899 18.0529 -163.643
900 6.94628 -177.611
901 12.717 -167.938
902 15.683 -146.806
903 8.50677 -176.412
904 9.74532 -173.305
905 14.8592 -167.919
906 7.98566 -163.693
907 9.23777 -173.092
908 8.98006 -163.757
909 8.36365 -167.091
910 16.0904 -165.932
911 9.64753 -164.552
912 7.98409 -153.145
913 13.2457 -161.065
914 6.99081 -150.35
915 12.7539 -157.676
916 7.14561 -160.916
917 10.2924 -176.605
918 10.7157 -170.317
919 16.5011 -167.772
920 11.8324 -177.795
921 6.311 -158.136
922 8.41926 -156.914
923 8.96247 -164.955
924 13.3897 -149.965
925 10.3702 -175.803
926 9.19992 -159.848
927 15.5154 -164.362
928 10.1051 -174.155
929 12.4191 -165.049
930 13.5272 -168.07
931 11.8222 -169.463
932 10.3395 -177.699
933 11.8697 -170.736
934 8.32531 -174.63
935 10.9106 -177.259
936 12.6285 -164.924
937 8.89012 -173.596
938 9.50512 -165.367
939 12.6699 -169.635
940 8.25293 -170.398
941 20.0327 -169.608
942 6.67315 -163.847
943 9.91395 -178.674
944 6.95927 -171.305
945 21.4762 -163.36
946 8.63857 -175.654
947 12.3271 -174.206
948 13.5282 -173.437
949 9.2196 -174.98
950 8.78211 -172.384
951 12.9856 -167.776
952 6.89067 -157.9
953 19.8931 -172.53
954 6.99161 -181.453
955 7.46991 -170.526
956 12.7244 -165.961
957 9.35471 -181.61
958 7.8196 -172.425
959 10.1704 -176.872
960 11.9639 -174.592
961 15.6403 -173.504
962 12.3287 -176.927
963 12.4815 -165.397
964 9.83097 -164.742
965 16.5725 -165.747
966 6.71307 -161.93
967 13.1093 -171.947
968 11.0355 -173.359
969 13.9257 -167.016
970 16.8856 -171.776
971 23.4779 -173.172
972 6.37398 -169.253
973 7.81649 -195.247
974 10.0641 -173.644
975 8.98475 -171.1
976 10.9454 -166.309
977 12.3853 -173.602
978 9.07685 -170.078
979 9.17955 -168.764
980 9.60617 -180.094
981 21.9882 -166.618
982 10.1562 -175.495
983 21.5245 -182.125
984 7.90747 -182.262
985 9.56789 -178.822
986 12.5982 -174.107
987 11.0075 -174.009
988 11.7762 -169.628
989 7.92169 -159.628
990 18.5838 -167.345
991 9.87831 -171.7
992 9.9768 -176
993 9.76227 -173.798
994 9.75612 -174.784
995 13.8189 -171.017
996 10.5192 -173.832
997 8.73469 -187.78
998 14.0213 -167.185
999 10.6032 -170.288
1000 6.60252 -171.707
1001 6.79706 -199.24
1002 7.54176 -161.903
1003 11.5608 -174.672
1004 8.8991 -177.318
1005 6.5678 -166.87
1006 6.9477 -148.284
1007 10.0722 -189.486
1008 8.85361 -176.201
1009 10.7967 -176.712
1010 8.8278 -182.001
1011 7.48308 -168.914
1012 11.6069 -174.398
1013 12.7711 -171.087
1014 17.3338 -173.751
1015 11.4725 -170.83
1016 6.6456 -165.594
1017 9.88995 -182.049
1018 12.764 -172.002
1019 9.87388 -182.084
1020 6.59882 -168.295
1021 8.99341 -171.688
1022 21.483 -172.83
1023 9.28483 -176.069
1024 7.70843 -162.037
1025 7.02697 -200.28
1026 16.6452 -168.17
1027 7.69969 -172.388
1028 18.4866 -167.813
1029 12.6035 -164.575
1030 10.5264 -178.393
1031 11.1049 -178.179
1032 8.36845 -181.005
1033 6.63781 -170.911
1034 7.3995 -168.135
1035 11.7129 -180.987
1036 9.89089 -176.645
1037 9.25149 -171.336
1038 7.66047 -178.674
1039 7.15021 -186.887
1040 8.57024 -171.712
1041 6.58658 -148.781
1042 11.3868 -173.748
1043 8.39584 -180.089
1044 9.13813 -174.694
1045 8.70304 -180.952
1046 10.8256 -176.035
1047 13.8055 -170.119
1048 6.36501 -161.439
1049 6.99783 -185.944
1050 13.4893 -170.455
1051 10.0549 -177.904
1052 9.2612 -169.676
1053 14.9595 -176.451
1054 8.53523 -181.385
1055 8.0729 -158.184
1056 10.8063 -166.175
1057 6.39656 -158.073
1058 8.95606 -184.296
1059 7.11974 -159.694
1060 8.42416 -174.036
1061 8.56121 -177.591
1062 6.82422 -175.971
1063 14.1421 -170.743
1064 9.20789 -175.59
1065 8.12485 -167.339
1066 6.81972 -210.718
1067 8.90392 -173.398
1068 9.95732 -174.07
1069 10.2593 -171.376
1070 11.8636 -173.634
1071 14.9191 -163.723
1072 9.83156 -171.211
1073 6.95111 -160.6
1074 9.85218 -190.565
1075 7.97119 -176.206
1076 18.9233 -169.221
1077 7.53546 -182.335
1078 10.4251 -181.751
1079 9.90424 -175.032
1080 7.86172 -166.627
1081 7.53778 -172.427
1082 10.1159 -177.835
1083 14.8173 -172.055
1084 11.1668 -173.416
1085 7.33069 -188.071
1086 8.17817 -178.639
1087 10.6015 -179.563
1088 8.40942 -171.969
1089 7.08893 -156.462
1090 8.36048 -172.388
1091 10.9621 -171.575
1092 12.9701 -171.648
1093 10.4124 -172.804
1094 11.1444 -177.209
1095 8.9105 -165.201
1096 8.37828 -178.828
1097 7.96484 -168.38
1098 16.7809 -167.404
1099 10.763 -184.719
1100 7.75059 -174.653
1101 10.4364 -180.028
1102 12.9397 -175.482
1103 8.59351 -178.02
1104 9.33084 -181.608
1105 7.6571 -175.72
1106 14.4587 -167.805
1107 8.73677 -177.758
1108 11.7919 -173.607
1109 8.64372 -187.388
1110 19.525 -168.547
1111 12.1867 -168.509
1112 7.87992 -173.139
1113 9.0995 -177.947
1114 11.4827 -182.799
1115 8.1215 -179.019
1116 9.97778 -182.536
1117 6.87898 -175.198
1118 13.8938 -168.706
1119 8.68714 -172.147
1120 9.32674 -174.742
1121 7.79305 -179.245
1122 10.7276 -185.433
1123 10.3606 -176.425
1124 10.9653 -178.523
1125 9.38397 -171.439
1126 9.26309 -181.569
1127 14.9382 -172.392
1128 15.4183 -165.135
1129 7.76116 -160.773
1130 12.6197 -162.131
1131 7.66891 -183.88
1132 12.2171 -175.491
1133 6.54364 -143.141
1134 9.49807 -178.097
1135 8.16308 -174.736
1136 8.75921 -164.806
1137 13.0286 -173.454
1138 15.8392 -167.136
1139 7.99634 -175.681
1140 7.26102 -183.461
1141 10.0034 -171.635
1142 8.2609 -171.783
1143 16.2723 -160.079
1144 10.5393 -183.833
1145 7.99521 -167.268
1146 9.61714 -173.52
1147 16.1663 -172.175
1148 9.87751 -170.96
1149 8.99851 -182.255
1150 10.5878 -186.345
1151 8.55065 -187.946
1152 6.81109 -171.584
1153 8.68905 -162.921
1154 13.7231 -166.43
1155 9.09778 -183.256
1156 7.5474 -164.44
1157 13.0825 -174.358
1158 18.8688 -174.73
1159 8.04233 -176.715
1160 16.1696 -170.443
1161 8.89756 -189.504
1162 7.18868 -166.985
1163 9.12039 -169.927
1164 8.83374 -177.469
1165 9.89346 -181.31
1166 8.2947 -178.796
1167 7.70094 -177.444
1168 9.91855 -176.235
1169 8.96646 -168.919
1170 14.5162 -168.215
1171 10.5607 -177.224
1172 8.75923 -170.92
1173 9.15402 -178.034
1174 6.69079 -170.202
1175 10.9571 -173.849
1176 7.66551 -177.651
1177 8.80121 -173.517
1178 7.14939 -167.438
1179 13.836 -162.935
1180 10.6308 -178.033
1181 10.1062 -176.598
1182 6.40269 -132.596
1183 11.1127 -174.401
1184 7.7286 -171.557
1185 16.7646 -169.476
1186 10.8056 -184.403
1187 12.8091 -175.892
1188 7.69336 -163.962
1189 7.81811 -173.457
1190 7.10577 -180.997
1191 8.18542 -179.598
1192 7.94178 -159.297
1193 10.4614 -171.112
1194 11.3134 -172.682
1195 7.80732 -169.949
1196 7.09842 -165.39
1197 10.4396 -168.609
1198 15.8181 -167.296
1199 10.4554 -185.24
1200 8.70972 -167.766
1201 12.634 -168.634
1202 10.7857 -170.096
1203 7.75651 -166.902
1204 7.97362 -166.253
1205 7.66703 -156.763
1206 7.68394 -162.349
1207 8.45201 -182.374
1208 6.40731 -175.62
1209 15.8644 -167.159
1210 8.883 -179.358
1211 9.52604 -176.186
1212 6.34964 -165.829
1213 10.0024 -175.222
1214 8.03893 -179.56
1215 12.6528 -161.179
1216 10.5334 -184.809
1217 10.4663 -179.482
1218 8.1359 -172.119
1219 9.43174 -180.159
1220 7.84511 -166.494
1221 10.2772 -184.349
1222 9.81533 -180.654
1223 9.70175 -179.789
1224 12.7646 -169.142
1225 13.2984 -171.709
1226 7.42632 -172.314
1227 7.86872 -163.901
1228 6.63412 -172.592
1229 7.26638 -182.68
1230 10.5776 -174.876
1231 12.2374 -177.256
1232 9.84758 -175.004
1233 15.1439 -170.311
1234 10.2308 -181.246
1235 8.16684 -173.87
1236 8.62663 -182.265
1237 16.0551 -166.309
1238 7.89581 -170.719
1239 7.80576 -171.793
1240 8.76037 -174.848
1241 7.71684 -178.493
1242 9.92815 -184.231
1243 9.95449 -179.184
1244 15.9988 -172.868
1245 10.4051 -172.999
1246 6.91107 -157.237
1247 9.8625 -177.84
1248 10.7334 -178.881
1249 17.5027 -165.23
1250 10.3414 -180.583
1251 12.0195 -172.381
1252 13.7255 -176.283
1253 9.41449 -194.907
1254 12.2159 -172.031
1255 7.99987 -176.342
1256 14.1077 -168.839
1257 14.707 -168.066
1258 11.7325 -175.142
1259 7.69011 -172.81
1260 7.95714 -165.269
1261 8.30243 -190.948
1262 8.76834 -195.83
1263 9.01768 -175.747
1264 13.1281 -164.399
1265 8.16868 -191.546
1266 7.21137 -171.969
1267 12.8329 -172.34
1268 7.5279 -172.366
1269 8.49787 -164.884
1270 7.60489 -173.494
1271 10.7325 -176.815
1272 20.8118 -168.952
1273 7.80252 -176.36
1274 8.45687 -170.391
1275 7.18362 -191.762
1276 9.98046 -188.302
1277 15.2774 -172.484
1278 9.5558 -173.063
1279 8.69754 -172.708
1280 12.7484 -167.669
1281 7.3713 -156.198
1282 7.8731 -178.906
1283 14.4434 -155.603
1284 18.1255 -170.524
1285 13.0147 -163.526
1286 9.78825 -163.464
1287 7.47524 -172.049
1288 7.69077 -172.473
1289 9.98183 -174.16
1290 7.70308 -150.654
1291 9.50396 -172.179
1292 8.61493 -177.119
1293 9.32548 -171.673
1294 11.5037 -182.102
1295 8.92108 -169.778
1296 7.71703 -153.573
1297 7.8842 -186.315
1298 9.27529 -187.048
1299 7.89025 -168.252
1300 6.20573 -145.167
1301 8.1922 -151.745
1302 7.18969 -174.23
1303 13.0547 -163.13
1304 8.43755 -177.19
1305 10.6127 -161.844
1306 10.3347 -175.038
1307 7.69542 -153.918
1308 8.21862 -171.546
1309 10.12 -164.249
1310 8.51842 -168.924
1311 12.1484 -171.319
1312 14.723 -156.923
1313 9.1075 -165.717
1314 10.8881 -168.354
1315 8.99103 -173.998
1316 8.93621 -170.689
1317 9.68205 -171.423
1318 17.3612 -151.694
1319 7.55729 -166.04
1320 6.42179 -156.511
1321 8.85635 -168.99
1322 8.3454 -164.497
1323 16.4446 -158.523
1324 10.1439 -167.179
1325 6.65253 -175.681
1326 11.398 -166.866
1327 10.0956 -169.949
1328 10.4984 -164.217
1329 9.1301 -164.64
1330 9.37456 -166.196
1331 7.53744 -169.43
1332 7.66574 -185.184
1333 8.47801 -168.55
1334 8.57809 -175.489
1335 8.7149 -165.818
1336 8.81388 -166.624
1337 8.07424 -165.38
1338 6.51993 -160.876
1339 8.6364 -172.371
1340 9.28714 -187.868
1341 12.1502 -158.143
1342 10.555 -181
1343 10.1699 -169.287
1344 8.83249 -176.157
1345 20.0441 -167.774
1346 7.0967 -174.29
1347 7.77091 -170.455
1348 14.213 -161.385
1349 8.34597 -159.14
1350 9.36043 -166.513
1351 8.02528 -161.588
1352 9.10473 -165.763
1353 9.23783 -176.425
1354 8.49307 -166.008
1355 9.26849 -170.315
1356 9.82441 -169.067
1357 15.6952 -164.013
1358 7.82092 -169.303
1359 13.308 -161.349
1360 9.83381 -170.418
1361 7.79446 -158.874
1362 9.57693 -163.446
1363 8.07376 -153.873
1364 9.23462 -171.115
1365 15.5743 -161.31
1366 7.27452 -154.372
1367 10.715 -159.529
1368 7.06183 -148.099
1369 9.31426 -172.443
1370 15.4692 -170.563
1371 9.96777 -172.31
1372 15.4232 -166.496
1373 6.73875 -131.679
1374 7.04413 -146.226
1375 7.89136 -160.115
1376 19.2465 -180.763
1377 8.90713 -176.036
1378 10.0978 -168.205
1379 9.834 -175.682
1380 9.02287 -181.198
1381 13.1275 -161.867
1382 12.5813 -161.491
1383 14.9088 -158.417
1384 7.69898 -161.935
1385 8.20824 -165.466
1386 17.6268 -163.594
1387 7.16493 -145.023
1388 12.4797 -170.224
1389 8.95587 -164.977
1390 15.3428 -155.761
1391 11.8525 -162.092
1392 10.7825 -157.964
1393 16.4523 -165.419
1394 13.8832 -165.893
1395 10.1535 -165.77
1396 7.87205 -163.389
1397 10.7341 -173.301
1398 9.61344 -185.103
1399 10.6339 -170.722
1400 7.42519 -161.082
1401 16.5863 -153.455
1402 9.08128 -166.044
1403 9.48354 -167.578
1404 9.97638 -167.125
1405 9.70461 -172.245
1406 9.57443 -166.48
1407 9.22537 -172.855
1408 12.4804 -164.069
1409 10.9919 -176.082
1410 12.5387 -161.092
1411 8.08372 -163.855
1412 11.7542 -171.869
1413 11.172 -163.489
1414 6.61619 -162.054
1415 9.0178 -169.907
1416 9.21091 -166.772
