0 9.75281 -186.13
1 11.2469 -191.401
2 11.7497 -180.925
3 11.3799 -196.177
4 14.2224 -188.556
5 9.53748 -163.889
6 12.1252 -193.198
7 9.53149 -194.001
8 19.4256 -187.08
9 10.2016 -195.689
10 22.076 -197.538
11 9.1926 -193.729
12 11.313 -192.173
13 10.2614 -200.257
14 11.9919 -192.288
15 10.1995 -193.068
16 9.5585 -203.886
17 9.67243 -205.442
18 14.3863 -185.671
19 13.64 -190.403
20 9.35046 -192.262
21 14.6817 -187.103
22 11.982 -201.277
23 22.4863 -193.39
24 10.456 -185.812
25 9.17753 -189.306
26 11.3489 -197.69
27 14.0661 -190.615
28 10.2719 -193.156
29 11.3302 -192.894
30 10.048 -167.759
31 11.127 -191.743
32 9.70639 -209.587
33 11.6713 -192.908
34 9.48823 -215.943
35 15.6933 -189.993
36 10.607 -191.835
37 9.55779 -181.884
38 12.4689 -190.662
39 10.8935 -186.963
40 10.0765 -185.012
41 8.95286 -169.619
42 9.31509 -177.949
43 9.4423 -198.016
44 9.41513 -185.828
45 12.4603 -192.225
46 13.5732 -184.717
47 9.37452 -216.967
48 9.69608 -187.701
49 15.7698 -171.079
50 11.2632 -190.699
51 9.54782 -188.15
52 10.1372 -182.343
53 9.60032 -198.028
54 10.0325 -195.37
55 9.71205 -179.769
56 9.30813 -183.339
57 9.25883 -171.759
58 17.1542 -187.323
59 19.1534 -191.52
60 11.6742 -192.215
61 19.9051 -196.021
62 9.92224 -186.914
63 11.6776 -202.888
64 11.9057 -201.197
65 14.0647 -183.613
66 9.61651 -192.653
67 12.3788 -197.159
68 12.9472 -187.048
69 16.6747 -185.213
70 9.84586 -175.843
71 18.734 -186.073
72 11.4487 -192.961
73 9.14298 -168.942
74 10.5036 -201.626
75 9.21465 -199.011
76 11.8391 -190.058
77 9.68659 -196.214
78 10.2078 -198.972
79 12.3816 -190.084
80 10.3737 -189.645
81 8.95956 -192.689
82 9.10206 -182.674
83 10.3379 -196.433
84 8.94463 -185.781
85 9.69996 -170.223
86 11.8991 -193.981
87 9.80523 -186.075
88 14.2719 -177.254
89 11.4589 -196.14
90 9.58601 -192.874
91 19.3289 -183.993
92 10.4332 -196.226
93 13.393 -182.042
94 10.2022 -183.24
95 15.3903 -176.48
96 10.6154 -175.095
97 13.9942 -184.821
98 9.42973 -161.963
99 10.2788 -171.553
100 11.4327 -185.649
101 10.0241 -183.98
102 12.1578 -178.623
103 9.83412 -172.991
104 11.8822 -193.186
105 10.3642 -182.456
106 15.5978 -183.643
107 12.3141 -180.351
108 8.94343 -176.398
109 9.69204 -179.455
110 17.7206 -174.696
111 10.2087 -180.776
112 17.2398 -173.833
113 11.8371 -180.47
114 12.8918 -180.168
115 12.9418 -187.618
116 9.49374 -187.249
117 15.3238 -184.29
118 9.95402 -178.748
119 11.0038 -184.439
120 15.8278 -174.683
121 9.7929 -179.002
122 11.6347 -182.357
123 15.0433 -176.466
124 9.94959 -178.074
125 11.4073 -182.999
126 10.9376 -175.857
127 11.8585 -185.548
128 15.6521 -176.655
129 9.26466 -180.417
130 14.8228 -181.447
131 10.4493 -180.491
132 10.4723 -166.602
133 18.9309 -166.811
134 10.483 -190.376
135 22.2882 -179.265
136 9.79815 -180.457
137 11.9408 -179.22
138 11.0935 -182.866
139 17.4194 -167.377
140 14.0508 -181.485
141 15.6517 -182.249
142 9.748 -180.049
143 21.0904 -176.231
144 14.0375 -187.069
145 10.4119 -186.884
146 9.23021 -195.362
147 8.65456 -181.266
148 17.2652 -178.781
149 8.1858 -178.458
150 9.68116 -175.945
151 10.0065 -172.311
152 9.7896 -181.312
153 18.6992 -169.265
154 20.404 -177.79
155 9.87363 -205.288
156 9.13556 -172.46
157 9.48317 -207.21
158 10.0244 -171.871
159 12.2408 -181.353
160 9.63074 -179.137
161 10.2975 -169.551
162 10.5628 -183.147
163 10.4237 -175.765
164 11.0066 -183.061
165 13.0658 -185.247
166 20.0083 -175.856
167 9.52356 -186.649
168 8.82805 -166.227
169 13.9656 -175.284
170 10.0464 -194.562
171 10.5054 -187.635
172 10.3315 -187.813
173 11.6521 -189.919
174 14.2709 -184.682
175 14.1544 -189.427
176 10.9708 -200.683
177 11.14 -193.224
178 14.508 -186.713
179 12.9315 -185.371
180 13.5878 -189.16
181 9.50581 -182.032
182 13.5437 -201.467
183 10.3717 -199.947
184 13.2269 -186.827
185 14.1954 -182.969
186 14.6533 -189.152
187 10.6333 -200.132
188 16.1398 -175.379
189 10.6236 -205.28
190 9.20856 -190.724
191 9.1283 -180.056
192 9.57446 -184.585
193 11.0008 -195.753
194 9.99165 -185.347
195 14.4117 -178.309
196 9.7682 -183.048
197 9.53929 -193.882
198 11.0681 -192.951
199 10.2439 -189.671
200 10.0811 -189.296
201 10.396 -196.907
202 9.66509 -185.541
203 9.27954 -192.373
204 9.28896 -188.143
205 9.76551 -207.729
206 16.7968 -171.578
207 10.5199 -193.252
208 14.5788 -184.741
209 9.01194 -154.637
210 10.7526 -189.25
211 9.8485 -189.007
212 9.77164 -211.466
213 11.8637 -183.797
214 14.5604 -181.567
215 10.9687 -193.845
216 12.4214 -196.797
217 8.77795 -209.265
218 16.3555 -179.304
219 9.7293 -184.449
220 9.89316 -191.129
221 11.5264 -190.214
222 10.7754 -201.418
223 9.33348 -185.949
224 10.9664 -186.192
225 10.8275 -189.506
226 11.009 -194.327
227 11.2812 -178.53
228 9.50376 -207.315
229 17.3422 -186.561
230 12.1557 -193.141
231 9.74404 -187.172
232 10.1074 -194.875
233 9.05941 -188.393
234 13.7991 -183.884
235 15.3396 -183.585
236 9.49482 -202.196
237 14.3029 -187.431
238 15.6717 -186.405
239 11.1193 -187.845
240 10.472 -187.616
241 9.75393 -206.479
242 10.0981 -196.676
243 11.6208 -185.123
244 13.2359 -187.586
245 10.9037 -195.516
246 12.3832 -188.692
247 15.9605 -174.17
248 12.7366 -195.97
249 18.1328 -183.193
250 9.65666 -170.978
251 10.0282 -206.051
252 14.1913 -186.446
253 9.67963 -192.876
254 10.6279 -194.429
255 10.194 -202.768
256 10.9359 -195.885
257 8.70223 -202.35
258 9.6575 -191.72
259 23.5297 -193.98
260 9.93978 -187.575
261 10.0349 -187.795
262 23.4091 -200.922
263 9.6621 -200.372
264 14.4898 -185.447
265 12.0184 -193.263
266 12.609 -193.804
267 11.3918 -185.97
268 21.171 -185.374
269 12.9363 -192.609
270 13.8993 -187.049
271 10.7165 -184.913
272 9.41971 -190.747
273 9.21605 -166.289
274 13.8664 -183.254
275 13.9899 -186.668
276 14.527 -184.638
277 12.9613 -187.703
278 9.46591 -192.542
279 9.59154 -179.404
280 11.2525 -195.525
281 9.89996 -208.576
282 9.69173 -190.649
283 13.9213 -188.692
284 11.0309 -185.917
285 12.5904 -192.957
286 13.1717 -194.66
287 8.71728 -210.71
288 11.6347 -199.298
289 10.0145 -172.001
290 15.8255 -159.689
291 9.69387 -199.335
292 10.1162 -176.275
293 9.48746 -168.956
294 12.9322 -192.393
295 9.06859 -180.488
296 10.2379 -183.855
297 10.3953 -173.166
298 13.7259 -187.425
299 18.7087 -174.959
300 10.5813 -175.143
301 11.0987 -180.984
302 18.5865 -173.607
303 11.3496 -178.689
304 11.1619 -174.189
305 10.3682 -192.359
306 23.6544 -186.694
307 14.7977 -178.925
308 9.69038 -195.872
309 10.769 -182.911
310 17.6215 -172.945
311 9.18942 -192.283
312 9.35138 -170.215
313 14.2819 -172.113
314 9.85136 -183.484
315 10.1008 -182.924
316 10.7701 -182.788
317 12.5565 -182.199
318 10.8193 -179.655
319 14.5234 -182.679
320 11.0804 -187.506
321 10.0619 -172.18
322 9.66983 -178.009
323 9.57401 -186.589
324 10.7219 -182.574
325 11.2731 -185.773
326 11.6005 -186.683
327 10.4166 -167.612
328 9.46013 -179.827
329 15.2797 -176.046
330 9.77747 -202.327
331 16.5978 -171.327
332 14.3153 -172.516
333 12.8608 -180.728
334 9.61185 -189.524
335 9.34563 -178.625
336 12.1123 -186.056
337 11.0832 -180.346
338 9.4321 -163.583
339 9.54309 -187.905
340 15.2579 -181.857
341 10.5802 -214.282
342 10.0312 -203.635
343 12.2821 -191.749
344 16.5112 -177.04
345 10.4301 -192.916
346 9.60487 -182.278
347 11.5572 -194.501
348 9.54967 -198.392
349 11.3668 -181.883
350 11.4571 -179.675
351 11.2765 -179.399
352 11.7191 -192.359
353 9.04785 -175.408
354 12.2085 -186.018
355 9.31583 -193.004
356 9.27769 -186.812
357 15.552 -179.535
358 9.98651 -179.545
359 14.7196 -187.29
360 11.7846 -189.838
361 11.3556 -188.866
362 10.1033 -187.649
363 10.868 -188.222
364 11.58 -188.447
365 11.9852 -190.664
366 9.36238 -197.292
367 12.8906 -189.848
368 11.5934 -186.659
369 9.37043 -192.892
370 10.7398 -191.594
371 10.776 -189.114
372 10.8961 -185.774
373 9.63311 -186.163
374 9.57652 -187.119
375 24.111 -187.685
376 11.2004 -184.584
377 14.9849 -176.979
378 9.56137 -184.712
379 9.2875 -161.85
380 20.002 -183.551
381 9.7924 -189.912
382 12.2292 -188.143
383 11.6178 -188.428
384 11.3611 -194.053
385 9.12012 -186.958
386 11.2876 -185.364
387 12.1944 -190.846
388 11.9656 -205.085
389 9.03261 -154.339
390 11.8353 -189.011
391 9.49391 -187.213
392 9.77013 -199.443
393 10.3221 -194.965
394 9.92228 -194.024
395 9.26321 -173.858
396 12.2263 -170.375
397 9.22296 -204.047
398 12.9025 -196.105
399 10.7401 -192.906
400 13.7669 -182.561
401 10.6258 -181.927
402 10.204 -174.501
403 10.3718 -180.163
404 14.1686 -184.272
405 10.3477 -199.859
406 8.94186 -183.618
407 9.98861 -192.71
408 12.8093 -185.104
409 10.0311 -187.213
410 9.73126 -190.071
411 12.8511 -192.92
412 8.74874 -172.197
413 12.4481 -188.812
414 9.78318 -189.013
415 9.1513 -186.461
416 13.381 -185.701
417 17.2931 -184.349
418 9.34257 -202.623
419 12.6779 -190.491
420 16.5664 -177.433
421 14.0817 -184.749
422 13.9349 -187.059
423 24.1934 -199.821
424 14.8732 -179.965
425 9.96196 -200.588
426 11.0716 -188.675
427 12.7693 -194.144
428 9.92884 -190.265
429 11.8759 -193.766
430 10.485 -196.96
431 15.851 -175.501
432 9.96998 -180.346
433 15.0989 -181.765
434 15.0506 -179.227
435 13.4243 -194.113
436 9.02824 -187.168
437 9.75844 -174.434
438 12.7365 -192.533
439 10.4925 -185.157
440 12.9729 -189.066
441 9.72091 -180.837
442 9.30287 -180.206
443 11.3936 -193.319
444 9.45867 -173.251
445 12.5061 -180.131
446 10.1013 -187.854
447 9.28273 -193.773
448 10.7038 -180.992
449 9.45951 -181.125
450 10.1715 -194.375
451 9.81953 -221.291
452 12.5935 -190.68
453 9.35904 -157.839
454 11.1793 -184.474
455 9.60237 -205.017
456 9.84984 -191.75
457 12.1158 -190.489
458 9.54301 -185.777
459 15.3632 -182.242
460 9.04337 -163.04
461 10.9277 -204.457
462 11.0686 -198.685
463 10.5893 -194.208
464 12.5612 -186.009
465 10.7787 -189.475
466 9.65793 -180.489
467 9.5371 -187.527
468 9.796 -211.457
469 9.42492 -179.448
470 9.3856 -172.301
471 8.98809 -190.646
472 10.1126 -193.706
473 9.88842 -189.428
474 13.075 -196.022
475 9.2597 -192.872
476 11.3843 -188.237
477 9.4752 -195.022
478 12.7612 -188.875
479 9.6889 -212.186
480 13.1717 -192.873
481 10.9681 -195.582
482 16.5136 -187.372
483 8.7303 -183.452
484 16.0811 -184.657
485 21.3648 -201.196
486 9.83089 -190.545
487 14.6609 -179.562
488 10.3494 -197.511
489 13.1964 -188.191
490 17.049 -178.524
491 10.6734 -199.818
492 16.7107 -180.25
493 10.4194 -189.259
494 15.6072 -183.591
495 11.4284 -183.856
496 9.55237 -188.217
497 9.91475 -198.52
498 14.4282 -181.448
499 9.36765 -172.347
500 9.31796 -192.822
501 12.2 -193.726
502 13.7298 -189.262
503 20.2111 -203.923
504 10.1774 -197.761
505 9.50435 -194.501
506 9.56876 -193.624
507 13.1705 -188.764
508 13.7881 -179.819
509 8.89685 -160.745
510 11.7275 -181.66
511 16.2767 -172.571
512 15.8887 -171.166
513 9.19921 -166.07
514 9.38673 -166.179
515 10.2593 -173.143
516 10.7274 -179.466
517 9.75676 -195.78
518 11.2076 -185.662
519 15.2333 -175.625
520 12.3509 -176.16
521 8.75266 -158.262
522 9.77868 -172.06
523 12.7514 -178.19
524 9.67171 -184.279
525 9.44471 -161.401
526 8.33482 -192.34
527 19.3164 -169.952
528 11.297 -185.307
529 10.0288 -172.436
530 17.4103 -168.131
531 10.6113 -173.725
532 11.7699 -184.765
533 12.1978 -184.777
534 10.0499 -201.843
535 17.4774 -178.886
536 10.3607 -186.833
537 9.206 -165.127
538 12.0488 -181.488
539 8.93313 -160.704
540 9.94434 -163.457
541 9.76408 -200.753
542 15.9389 -177.228
543 11.9775 -182.348
544 11.0481 -173.281
545 12.9211 -174.781
546 10.701 -182.431
547 18.3689 -174.976
548 18.1401 -167.978
549 10.7488 -186.122
550 16.795 -164.067
551 11.6316 -189.867
552 10.6969 -185.863
553 11.618 -170.256
554 10.1401 -173.47
555 11.8037 -181.524
556 9.23823 -185.866
557 21.6095 -174.982
558 10.4617 -169.357
559 17.6585 -170.917
560 10.5903 -185.315
561 10.4884 -188.63
562 11.2029 -184.262
563 11.4527 -167.687
564 15.4234 -162.129
565 8.686 -211.78
566 10.9224 -177.102
567 10.0701 -175.325
568 10.5076 -182.857
569 10.7451 -183.62
570 9.95348 -190.067
571 18.9036 -168.192
572 9.1742 -189.24
573 16.2104 -172.868
574 9.79873 -185.701
575 12.8293 -174.33
576 10.0402 -160.918
577 11.1856 -184.201
578 9.81245 -192.529
