0 19.697 -187.146
1 3.45531 -219.314
2 13.6172 -200.282
3 7.7869 -203.811
4 9.90704 -198.315
5 6.90125 -196.658
6 5.07207 -175.392
7 8.98867 -205.989
8 12.235 -184.623
9 7.3271 -195.804
10 12.7552 -195.932
11 8.21836 -203.833
12 4.50847 -197.293
13 10.7609 -199.986
14 3.71042 -184.991
15 6.40877 -200.893
16 8.70608 -203.2
17 6.47331 -191.569
18 8.80351 -200.672
19 7.89125 -190.49
20 7.8671 -198.125
21 4.92798 -197.412
22 14.0474 -199.086
23 8.75067 -198.24
24 8.00162 -193.323
25 7.20625 -190.205
26 3.54838 -194.766
27 6.84718 -202.963
28 6.434 -183.511
29 6.031 -197.769
30 5.57133 -215.348
31 6.10436 -184.571
32 8.36985 -201.595
33 14.4099 -192.004
34 5.35778 -181.377
35 9.43083 -201.973
36 6.28885 -193.289
37 9.96316 -195.195
38 6.47454 -201.719
39 12.345 -194.099
40 4.17491 -197.707
41 13.1426 -187.517
42 12.5089 -192.643
43 13.5627 -197.278
44 5.79245 -194.167
45 7.05186 -192.054
46 16.3513 -186.412
47 6.86368 -190.664
48 7.05404 -197.611
49 4.27564 -201.505
50 9.02262 -201.715
51 5.27137 -188.573
52 6.6135 -204.184
53 6.70692 -197.908
54 9.91514 -202.032
55 4.29381 -189.146
56 6.79724 -198.193
57 6.72767 -210.606
58 9.23625 -199.602
59 8.26822 -205.537
60 7.42835 -200.755
61 6.64893 -194.405
62 7.91094 -192.89
63 7.92007 -204.062
64 9.14489 -200.162
65 7.77362 -194.461
66 8.91816 -201.668
67 6.57371 -190.026
68 8.77967 -199.195
69 8.26194 -202.547
70 9.09131 -203.303
71 7.86764 -188.657
72 7.3918 -198.995
73 6.79687 -190.289
74 6.20007 -200.14
75 9.05087 -199.494
76 8.16528 -207.733
77 9.20708 -199.104
78 8.40388 -196.098
79 6.72342 -197.043
80 13.6867 -196.925
81 8.01553 -198.205
82 5.48253 -205.154
83 13.2324 -190.352
84 6.66228 -204.539
85 10.9296 -200.096
86 6.50441 -196.37
87 4.89922 -193.096
88 4.73983 -189.373
89 7.69811 -195.046
90 6.7959 -197.892
91 8.41127 -193.721
92 10.0283 -202.429
93 5.67 -185.895
94 11.1105 -198.592
95 10.9792 -194.856
96 3.93037 -184.729
97 9.90197 -195.409
98 9.30645 -190.823
99 6.43971 -200.123
100 4.07029 -202.613
101 4.63021 -194.151
102 6.42595 -201.175
103 5.99629 -199.694
104 4.72787 -176.397
105 6.40105 -180.668
106 8.76427 -200.283
107 7.64621 -198.864
108 3.53655 -172.803
109 12.1919 -200.508
110 7.11938 -205.579
111 6.57861 -193.514
112 7.57231 -198.469
113 9.62364 -201.851
114 10.6144 -200.581
115 6.59646 -188.412
116 8.45387 -198.884
117 7.49273 -195.553
118 10.6237 -187.46
119 5.40858 -191.146
120 7.37892 -200.497
121 6.77944 -194.202
122 11.4848 -194.183
123 10.7925 -196.712
124 6.51263 -203.229
125 5.77657 -197.177
126 11.3455 -189.061
127 4.85185 -190.87
128 6.08032 -204.032
129 15.2571 -192.424
130 11.1652 -195.142
131 10.1175 -204.723
132 9.08083 -193.824
133 3.09733 -182.957
134 7.89905 -199.965
135 8.21342 -200.601
136 6.84997 -208.099
137 3.81024 -184.035
138 9.79865 -203.004
139 10.8849 -196.396
140 7.99243 -200.566
141 7.11595 -186.242
142 7.90384 -200.613
143 8.02404 -193.534
144 7.93689 -194.428
145 7.9439 -195.283
146 11.6395 -189.3
147 6.59473 -190.846
148 5.19588 -182.297
149 7.76168 -195.747
150 8.80788 -196.018
151 7.19594 -202.243
152 12.5015 -190.331
153 15.4034 -186.198
154 6.80516 -197.001
155 17.0179 -193.226
156 5.57586 -196.005
157 3.70784 -183.288
158 9.56884 -205.978
159 6.7256 -200.115
160 8.76214 -201.526
161 5.68145 -189.278
162 4.90372 -192.186
163 6.88179 -191.321
164 5.9524 -195.641
165 10.8699 -203.408
166 7.83895 -198.426
167 10.7554 -195.143
168 6.43044 -195.34
169 6.39781 -198.903
170 7.95837 -204.17
171 5.56132 -198.736
172 14.1364 -193.906
173 12.4024 -198.302
174 10.9204 -192.616
175 8.59175 -195.171
176 7.85734 -199.856
177 11.8682 -199.594
178 8.01075 -194.342
179 12.9161 -189.711
180 3.00558 -186.939
181 9.36807 -204.695
182 6.48246 -200.674
183 7.60665 -198.578
184 9.43238 -197.48
185 7.87319 -192.808
186 5.44469 -211.867
187 8.04463 -202.787
188 6.42157 -193.896
189 5.79463 -202.761
190 6.45165 -193.119
191 5.24862 -196.833
192 4.68662 -175.634
193 9.43119 -197.892
194 6.68206 -187.987
195 16.7643 -185.605
196 11.2928 -199.745
197 8.15418 -201.631
198 13.4729 -185.537
199 11.0113 -184.754
200 8.98336 -198.95
201 7.93144 -201.997
202 4.67758 -192.901
203 16.1512 -183.989
204 5.59316 -201.262
205 7.41733 -204.986
206 8.18871 -199.017
207 7.20087 -192.21
208 8.72706 -200.102
209 4.94351 -189.595
210 7.44648 -192.216
211 6.9812 -190.986
212 3.18613 -214.942
213 12.8149 -198.041
214 7.45038 -190.331
215 8.30967 -201.898
216 7.87425 -200.95
217 12.4098 -191.868
218 8.41488 -191.178
219 9.24513 -198.588
220 8.13253 -195.365
221 3.30037 -168.465
222 7.79922 -194.987
223 10.7047 -194.993
224 8.80848 -200.605
225 8.67537 -204.697
226 12.7328 -199.551
227 16.9261 -189.413
228 6.74759 -202.004
229 7.04871 -185.877
230 6.68514 -194.59
231 8.75857 -200.826
232 7.93832 -192.649
233 7.71816 -197.2
234 14.0466 -189.184
235 4.70033 -187.569
236 8.48948 -196.802
237 13.9274 -194.25
238 6.14171 -181.992
239 8.94385 -208.101
240 5.45154 -189.689
241 6.63784 -198.567
242 11.6133 -201.504
243 10.8658 -200.529
244 9.2425 -205.537
245 7.12312 -193.257
246 8.41161 -203.827
247 5.92171 -191.536
248 7.64367 -198.985
249 11.4861 -200.327
250 8.4243 -199.389
251 14.5858 -192.147
252 9.91938 -203.356
253 11.2454 -197.353
254 16.7598 -191.005
255 6.83484 -197.235
256 15.2509 -185.45
257 5.35644 -199.44
258 10.8963 -197.475
259 9.52742 -207.854
260 7.79493 -197.977
261 11.3913 -196.196
262 7.19661 -191.249
263 7.8821 -202.001
264 5.87479 -187.89
265 10.5233 -198.311
266 5.47759 -180.581
267 7.06992 -199.895
268 10.9745 -198.983
269 6.74231 -180.576
270 9.4187 -195.306
271 3.22733 -176.409
272 9.0329 -208.562
273 9.18278 -201.244
274 8.77047 -216.632
275 10.2265 -197.969
276 6.19985 -212.841
277 20.1544 -188.214
278 6.66292 -189.941
279 4.40977 -188.196
280 7.19787 -197.45
281 4.2431 -192.203
282 11.5766 -200.386
283 10.3744 -205.599
284 8.4381 -204.346
285 9.06462 -203.562
286 5.14831 -213.255
287 11.3089 -196.971
288 9.27821 -194.491
289 7.5451 -198.555
290 6.83309 -195.947
291 17.2476 -190.496
292 4.1117 -179.197
293 6.62682 -196.966
294 5.34978 -190.105
295 11.2062 -200.435
296 8.85913 -202.744
297 8.45696 -197.666
298 111.908 -200.433
299 16.8878 -188.163
300 7.21598 -196.217
301 8.35121 -201.743
302 3.57224 -211.163
303 7.47035 -199.625
304 6.68009 -199.999
305 6.91396 -195.908
306 7.12786 -190.874
307 11.9805 -204.373
308 9.69621 -193.785
309 8.90575 -200.988
310 10.7737 -205.031
311 12.9632 -197.027
312 4.3612 -185.936
313 7.06709 -191.155
314 10.9414 -188.923
315 10.1116 -194.008
316 5.10639 -200.201
317 11.7141 -201.044
318 9.10697 -198.497
319 6.75897 -202.987
320 15.9902 -192.688
321 14.8146 -192.065
322 9.09935 -201.752
323 6.15302 -193.469
324 8.57663 -202.741
325 6.60514 -195.232
326 11.0968 -198.838
327 11.4687 -186.619
328 7.76368 -203.724
329 6.05313 -205.26
330 10.6552 -202.746
331 8.81441 -195.54
332 6.1579 -191.339
333 6.99157 -190.079
334 6.45973 -213.139
335 6.47847 -198.276
336 14.7987 -189.145
337 13.9829 -186.71
338 10.7295 -194.151
339 3.20155 -169.737
340 11.875 -191.074
341 5.94049 -174.678
342 4.96167 -192.567
343 8.94541 -191.452
344 5.89342 -194.462
345 5.68695 -183.616
346 8.04218 -186.378
347 13.7484 -169.527
348 7.75467 -184.28
349 8.90629 -189.449
350 5.81348 -190.706
351 11.2307 -194.783
352 7.35582 -186.589
353 13.7133 -186.18
354 12.2647 -190.891
355 5.6874 -173.736
356 9.56708 -196.443
357 12.8715 -178.334
358 9.42796 -191.323
359 7.59381 -193.805
360 7.67925 -187.947
361 7.17949 -184.953
362 11.7981 -191.021
363 8.11825 -194.673
364 8.4182 -192.952
365 7.39824 -193.83
366 11.1943 -189.316
367 7.97062 -196.136
368 14.2826 -178.661
369 5.81578 -189.219
370 9.0573 -190.58
371 7.25598 -179.582
372 9.9602 -191.263
373 7.59093 -192.475
374 9.68446 -193.063
375 7.71528 -196.427
376 6.43059 -192.612
377 8.6103 -181.197
378 9.03838 -197.716
379 7.30586 -193.017
380 7.60982 -192.258
381 5.49223 -183.155
382 7.82072 -193.378
383 4.61682 -204.014
384 14.0916 -187.472
385 3.43489 -190.737
386 7.51562 -192.635
387 6.96084 -197.043
388 12.6047 -190.421
389 8.42382 -185.435
390 5.84131 -199.934
391 6.452 -183.008
392 7.31682 -190.489
393 10.1004 -188.24
394 4.63262 -179.326
395 12.6523 -187.43
396 6.34966 -191.893
397 8.55765 -187.513
398 5.66259 -180.252
399 8.14047 -192.207
400 6.36515 -199.887
401 8.82545 -189.052
402 4.31665 -186.458
403 6.86411 -190.196
404 4.90942 -190.818
405 10.0717 -194.674
406 10.5006 -196.801
407 12.3426 -188.641
408 15.8907 -177.355
409 8.39998 -189.204
410 5.55476 -202.093
411 7.15969 -193.823
412 5.9849 -178.982
413 13.0451 -191
414 7.45197 -191.616
415 8.05519 -188.054
416 9.02831 -194.344
417 5.28042 -179.607
418 22.3444 -184.766
419 16.2557 -182.515
420 9.29722 -189.617
421 10.2497 -188.087
422 8.05164 -193.67
423 10.3318 -192.686
424 12.5317 -191.284
425 6.08363 -177.981
426 6.87586 -191.807
427 4.90559 -186.102
428 7.12388 -192.621
429 7.19923 -190.388
430 6.64182 -192.22
431 11.6036 -186.291
432 6.98975 -180.785
433 7.63656 -180.962
434 9.6645 -191.883
435 5.05223 -178.482
436 6.53755 -184.833
437 8.9678 -196.228
438 11.9478 -184.916
439 12.3591 -194.874
440 12.6803 -195.825
441 4.31818 -191.899
442 9.95794 -193.438
443 6.31663 -183.718
444 8.18021 -186.844
445 8.12089 -191.709
446 9.71107 -192.192
447 7.63744 -188.455
448 8.78857 -191.965
449 5.85706 -191.953
450 12.8637 -189.791
451 9.13398 -188.78
452 4.75938 -189.382
453 12.1078 -187.754
454 7.50972 -191.266
455 5.71347 -190.831
456 7.14564 -191.439
457 6.67526 -184.1
458 4.72888 -180.674
459 7.47472 -192.539
460 4.95509 -181.712
461 17.778 -184.184
462 6.59755 -191.968
463 16.2286 -184.599
464 7.71619 -190.975
465 8.65254 -183.97
466 7.531 -193.479
467 10.8741 -191.038
468 6.28196 -189.628
469 6.73468 -191.453
470 12.8838 -182.64
471 8.51029 -191.587
472 5.32406 -194.652
473 11.086 -200.168
474 4.56486 -174.627
475 13.6782 -186.831
476 5.10095 -177.541
477 7.6953 -187.814
478 5.32438 -199.582
479 15.7068 -175.6
480 7.025 -187.984
481 6.56548 -193.586
482 5.96954 -200.219
483 11.4209 -189.791
484 4.79328 -183.278
485 5.57228 -191.752
486 6.02764 -187.14
487 10.7647 -180.573
488 7.74221 -193.72
489 10.5157 -198.011
490 4.44374 -170.062
491 10.4194 -181.05
492 6.4 -193.394
493 8.29639 -189.815
494 7.35282 -199.933
495 5.25342 -190.198
496 9.60075 -191.6
497 6.04793 -184.916
498 6.3239 -179.582
499 8.86906 -204.287
500 12.9688 -183.073
501 6.68716 -188.08
502 10.1556 -189.084
503 7.24792 -184.386
504 6.86506 -195.417
505 15.1418 -181.112
506 8.09421 -191.462
507 11.6661 -189.533
508 12.3524 -188.196
509 7.54232 -189.968
510 5.12349 -183.622
511 7.23926 -195.047
512 8.48032 -194.53
513 8.59481 -190.332
514 10.4526 -192.421
515 7.66755 -190.946
516 9.48611 -193.075
517 7.98232 -192.794
518 3.68688 -173.869
519 11.2133 -196.038
520 8.86413 -190.624
521 9.79729 -190.695
522 3.25608 -178.13
523 8.3114 -184.782
524 8.70102 -193.528
525 7.46643 -189.334
526 4.25426 -170.391
527 9.74415 -191.373
528 3.70099 -196.49
529 6.96702 -191.141
530 8.1788 -181.447
531 14.3403 -186.333
532 4.83784 -186.343
533 15.1524 -184.691
534 17.4774 -177.956
535 6.66197 -178.586
536 12.2928 -190.774
537 13.834 -187.484
538 7.91328 -189.344
539 8.60933 -184.075
540 8.38085 -187.026
541 8.28021 -192.055
542 7.34352 -187.106
543 5.80914 -188.095
544 12.9251 -192.335
545 9.64903 -192.166
546 7.51185 -191.477
547 5.89803 -187.366
548 9.48489 -192.664
549 4.91818 -187.078
550 7.30777 -195.049
551 11.0041 -188.519
552 8.10603 -197.492
553 11.9892 -192.531
554 4.58419 -219.702
555 9.29034 -188.898
556 7.92599 -189.074
557 9.19852 -194.051
558 4.73384 -194.607
559 12.509 -190.85
560 6.9304 -184.645
561 12.6353 -193.437
562 8.06286 -192.714
563 6.14099 -177.264
564 5.77692 -181.705
565 10.339 -191.721
566 11.6511 -190.088
567 8.45965 -216.715
568 6.79771 -201.421
569 4.39329 -183.47
570 3.38795 -189.613
571 8.86213 -180.227
572 8.11131 -184.365
573 6.92759 -203.723
574 7.73994 -191.72
575 7.87747 -190.46
576 8.37816 -203.078
577 7.522 -180.327
578 7.45254 -192.723
579 8.90506 -194.005
580 7.06603 -194.937
581 8.21633 -199.785
582 7.74143 -195.629
583 9.57347 -189.413
584 10.329 -193.328
585 5.86222 -182.674
586 8.37426 -191.264
587 15.441 -178.971
588 8.5223 -196.209
589 9.28399 -197.299
590 17.3168 -183.32
591 10.7776 -190.159
592 10.0244 -193.891
593 10.7106 -192.04
594 4.00213 -165.711
595 6.00702 -191.212
596 6.93858 -192.234
597 9.66304 -197.826
598 10.9728 -190.482
599 6.3446 -184.05
600 7.63361 -191.354
601 7.5956 -174.063
602 4.61666 -185.009
603 6.71997 -185.704
604 6.71494 -180.015
605 3.05705 -178.306
606 7.51089 -199.928
607 8.10698 -188.87
608 8.63523 -196.018
609 4.72448 -198.944
610 10.4475 -190.037
611 9.30771 -195.81
612 12.8587 -193.397
613 12.9009 -197.249
614 4.81627 -194.951
615 11.0639 -196.127
616 7.06086 -184.697
617 9.82748 -199.155
618 7.13198 -184.26
619 10.823 -189.822
620 5.56057 -189.106
621 11.5087 -184.139
622 7.8012 -190.008
623 7.45304 -195.81
624 15.2631 -175.436
625 11.0987 -177.841
626 7.78186 -186.772
627 9.50665 -192.609
628 5.65869 -197.427
629 8.2058 -193.934
630 4.27661 -185.723
631 10.3822 -194.819
632 7.87947 -197.517
633 12.0821 -191.024
634 6.08695 -181.318
635 14.2455 -188.543
636 7.70419 -183.809
637 17.1289 -188.187
638 5.58563 -186.788
639 8.82339 -190.874
640 5.87384 -183.305
641 14.5424 -176.455
642 8.15434 -193.729
643 9.46572 -190.046
644 5.34553 -186.973
645 8.80103 -188.904
646 4.92307 -186.767
647 7.42125 -193.182
648 6.53415 -191.775
649 6.03544 -185.459
650 6.71802 -188.275
651 7.1733 -179.491
652 6.19386 -180.191
653 8.6843 -195.637
654 8.13653 -187.678
655 6.93481 -191.093
656 3.77219 -184.604
657 6.71577 -191.271
658 6.59441 -198.039
659 7.18493 -182.187
660 6.24058 -193.577
661 8.57038 -188.404
662 12.9343 -188.824
663 8.21215 -181.704
664 7.67831 -180.586
665 7.98825 -191.526
666 7.54075 -184.462
667 5.79946 -195.913
668 10.9486 -194.908
669 7.45187 -196.943
670 7.88296 -193.609
671 7.90673 -185.71
672 8.79451 -193.663
673 7.65375 -188.35
674 8.17794 -193.647
675 3.1146 -175.936
676 8.45725 -195.224
677 11.2141 -185.085
678 8.39157 -197.014
679 7.0925 -194.58
680 7.50687 -194.581
681 11.5736 -192.887
682 4.43215 -169.285
683 9.54588 -191.807
684 6.55353 -197.507
685 8.17029 -199.432
686 7.78901 -188.739
687 5.04853 -185.328
688 6.66163 -185.892
689 17.8053 -188.683
690 5.72037 -193.802
691 4.91947 -179.602
692 5.68472 -193.547
693 14.9763 -186.756
694 11.1243 -190.973
695 11.1924 -195.606
696 4.08441 -183.98
697 6.90441 -197.514
698 12.8583 -190.812
699 16.2929 -177.795
700 15.507 -182.124
701 4.95123 -177.611
702 7.63285 -186.233
703 13.7716 -174.457
704 10.7962 -192.464
705 9.5787 -195.363
706 9.14102 -194.245
707 4.98373 -176.261
708 7.58169 -185.712
709 16.4717 -184.495
710 4.56083 -189.126
711 8.1266 -183.714
712 12.5332 -184.458
713 4.98467 -188.921
714 9.61028 -199.641
715 9.77616 -194.861
716 6.68228 -187.711
717 5.81236 -183.89
718 7.73816 -190.36
719 5.60989 -185.915
720 16.3846 -179.259
721 8.99191 -188.595
722 23.4174 -192.388
723 4.75859 -184.442
724 10.6246 -180.785
725 9.8402 -184.004
726 7.64985 -186.697
727 6.6247 -198.435
728 9.96354 -184.955
729 7.5641 -183.819
730 7.40445 -187.977
731 7.92224 -190.902
732 6.8685 -188.007
733 11.9389 -180.466
734 5.6298 -180.765
735 11.9891 -190.876
736 6.48339 -177.828
737 10.3623 -194.917
738 5.81425 -182.465
739 7.89484 -186.277
740 11.0385 -193.272
741 5.03498 -199.718
742 9.52704 -184.536
743 8.8044 -195.744
744 7.00113 -192.703
745 12.232 -194.297
746 11.8233 -189.88
747 12.8962 -193.603
748 4.16032 -179.673
749 8.61838 -191.555
750 10.159 -191.098
751 12.0793 -192.364
752 7.136 -194.648
753 5.22716 -187.007
754 9.42391 -181.955
755 4.11428 -179.009
756 8.60016 -200.648
757 7.70595 -209.621
758 8.71963 -197.596
759 111.911 -185.443
760 12.9629 -191.386
761 11.9954 -194.267
762 7.95333 -191.191
763 14.3978 -181.549
764 6.0604 -188.761
765 8.70187 -203.289
766 11.1116 -209.657
767 5.40477 -198.115
768 6.52658 -207.764
769 12.1751 -201.62
770 6.97152 -193.749
771 6.86935 -195.474
772 21.6636 -190.577
773 9.00803 -194.169
774 17.9275 -187.259
775 9.75288 -197.012
776 9.42246 -204.178
777 7.02447 -206.391
778 6.42529 -189.516
779 7.48956 -196.418
780 9.4805 -202.914
781 18.9464 -195.464
782 9.45822 -203.746
783 3.40522 -174.955
784 7.6593 -206.361
785 6.65129 -197.777
786 9.32786 -200.823
787 13.6286 -194.249
788 7.77351 -191.95
789 14.9822 -187.344
790 8.56971 -200.908
791 5.71846 -192.08
792 7.05148 -197.268
793 8.28306 -199.39
794 14.4082 -194.888
795 14.3723 -195.996
796 14.3682 -191.427
797 6.40335 -201.459
798 6.8199 -189.802
799 10.4651 -198.593
800 8.50058 -195.836
801 9.36894 -191.335
802 6.65734 -190.255
803 8.57051 -199.275
804 7.11394 -198.349
805 6.45411 -198.684
806 12.0696 -200.72
807 5.63269 -189.957
808 7.75806 -199.334
809 8.25072 -200.21
810 8.35452 -207.788
811 8.32968 -206.52
812 14.3713 -183.57
813 6.79403 -209.655
814 7.6376 -200.375
815 9.06849 -200.542
816 11.023 -195.083
817 7.09531 -197.18
818 6.4326 -205.377
819 9.31342 -203.245
820 5.47725 -192.004
821 16.0521 -192.459
822 10.259 -200.663
823 4.02262 -179.422
824 9.75592 -195.056
825 7.64452 -200.886
826 6.49023 -198.269
827 8.41279 -199.023
828 3.53838 -191.892
829 6.7351 -193.854
830 6.82754 -203.541
831 9.0277 -200.74
832 7.06992 -194.14
833 13.9194 -192.588
834 12.8314 -199.921
835 6.26413 -192.952
836 10.7123 -197.133
837 10.5136 -200.832
838 7.59973 -200.764
839 10.7152 -199.171
840 3.74379 -187.337
841 3.48607 -171.781
842 6.89749 -199.52
843 8.62466 -203.7
844 7.85852 -201.186
845 11.1862 -199.055
846 4.53834 -192.766
847 9.2152 -195.725
848 7.55892 -199.253
849 11.6764 -202.185
850 7.67592 -198.165
851 12.4957 -191.303
852 3.14684 -211.969
853 7.60036 -201.322
854 8.81665 -196.021
855 7.26584 -187.184
856 6.18466 -194.824
857 7.31996 -198.466
858 9.41554 -193.333
859 7.52675 -202.424
860 9.04489 -203.607
861 11.2082 -199.258
862 14.2242 -190.839
863 3.5965 -195.347
864 8.30011 -199.586
865 6.43685 -189.13
866 6.53194 -191.38
867 13.9854 -192.545
868 5.3835 -187.075
869 12.3344 -194.504
870 4.41569 -201.188
871 6.98568 -197.943
872 5.77228 -191.615
873 8.74973 -200.956
874 9.22944 -193.047
875 9.88217 -197.619
876 9.03872 -200.442
877 4.80783 -174.213
878 7.40051 -191.165
879 9.69189 -196.923
880 11.4585 -185.757
881 9.08869 -195.975
882 7.19057 -195.108
883 7.3533 -208.122
884 14.511 -192.794
885 6.91103 -202.045
886 6.54749 -204.757
887 7.32998 -193.981
888 8.25938 -208.228
889 13.7492 -176.722
890 16.3089 -187.639
891 8.27762 -195.689
892 9.35825 -200.12
893 10.3695 -195.665
894 8.54807 -198.944
895 7.64936 -197.803
896 6.89178 -198.638
897 13.0006 -193.649
898 4.34762 -200.001
899 5.52521 -207.236
900 7.37113 -198.249
901 8.63047 -201.193
902 6.56546 -206.803
903 8.20444 -193.698
904 7.45539 -200.032
905 8.90855 -200.389
906 12.1493 -198.288
907 7.15951 -208.506
908 5.29811 -189.95
909 8.75922 -198.483
910 13.4149 -182.279
911 9.26697 -199.461
912 6.823 -197.746
913 17.5994 -188.174
914 6.97726 -200.003
915 12.6627 -196.358
916 6.9243 -189.687
917 8.6348 -195.508
918 7.62798 -202.934
919 6.79789 -198.693
920 5.10253 -203.974
921 5.42477 -196.826
922 17.027 -187.464
923 17.8326 -191.489
924 12.4142 -203.693
925 7.47547 -194.096
926 14.8236 -176.538
927 8.90016 -198.56
928 3.96414 -204.231
929 12.2215 -200.634
930 8.77774 -200.185
931 12.7408 -193.913
932 13.4636 -178.668
933 7.65775 -201.401
934 8.23075 -197.942
935 5.78175 -196.538
936 5.18427 -189.702
937 6.61927 -190.534
938 11.0194 -189.217
939 6.44533 -187.285
940 9.11161 -200.815
941 9.48705 -198.905
942 9.87475 -206.348
943 10.3644 -202.938
944 14.4816 -185.603
945 6.68748 -193.403
946 10.9598 -200.516
947 6.20708 -192.249
948 9.17408 -196.75
949 14.2103 -191.993
950 5.48941 -183.307
951 7.73351 -203.823
952 7.86742 -199.097
953 5.18304 -183.905
954 4.43941 -202.418
955 5.5324 -181.274
956 12.4503 -200.502
957 8.72874 -192.157
958 13.8005 -194.559
959 15.5481 -178.318
960 8.85744 -195.118
961 4.93862 -195.426
962 6.45027 -194.558
963 13.3249 -194.888
964 16.3566 -187.249
965 6.27751 -193.789
966 7.50035 -197.718
967 7.41933 -189.035
968 8.64284 -203.218
969 6.23547 -191.589
970 11.3118 -194.109
971 9.47698 -199.099
972 11.6613 -204.585
973 9.08138 -205.932
974 4.52238 -190.315
975 7.91856 -196.855
976 5.16965 -194.597
977 9.52007 -197.054
978 11.4019 -197.51
979 11.8355 -198.446
980 7.97021 -188.971
981 8.84273 -198.141
982 8.75739 -199.99
983 11.8907 -200.706
984 8.06777 -195.705
985 4.48764 -178.177
986 9.86365 -200.564
987 14.8075 -190.259
988 9.85947 -201.799
989 10.7155 -195.707
990 4.89689 -179.079
991 8.45471 -192.775
992 9.03457 -198.991
993 7.62763 -200.759
994 21.5558 -181.196
995 3.35344 -182.633
996 15.9703 -187.776
997 9.48827 -197.428
998 9.57441 -203.48
999 6.62858 -214.78
1000 13.8601 -186.584
1001 6.41645 -197.084
1002 12.2282 -195.055
1003 5.67251 -181.432
1004 20.6638 -187.624
1005 10.1805 -189.556
1006 7.57996 -189.407
1007 13.919 -191.414
1008 7.17045 -204.539
1009 5.75244 -202.237
1010 13.2262 -185.274
1011 21.5793 -187.76
1012 8.16774 -199.832
1013 6.10754 -194.62
1014 15.0072 -176.249
1015 8.00772 -199.149
1016 7.0552 -198.424
1017 8.82579 -203.809
1018 5.56619 -188.893
1019 4.69707 -197.166
1020 7.8953 -196.613
1021 6.03593 -200.982
1022 6.55283 -206.773
1023 7.12145 -204.8
1024 7.2646 -199.437
1025 6.53606 -194.868
1026 8.45569 -198.625
1027 5.95043 -194.191
1028 6.5645 -193.504
1029 4.34376 -201.293
1030 7.84983 -194.619
1031 7.48234 -199.796
1032 4.81679 -174.017
1033 4.52136 -183.823
1034 4.60116 -172.906
1035 4.2785 -197.047
1036 9.02246 -198.962
1037 3.31182 -183.183
1038 7.27659 -197.605
1039 9.79064 -184.866
1040 7.89065 -205.1
1041 7.24107 -201.416
1042 9.84509 -199.746
1043 6.41075 -200.816
1044 6.93976 -187.015
1045 8.28815 -201.453
1046 7.30732 -200.663
1047 8.30463 -196.887
1048 4.2645 -193.646
1049 11.8898 -198.832
1050 7.51486 -193.289
1051 5.7246 -179.497
1052 7.15882 -190.227
1053 7.58563 -201.382
1054 13.0639 -195.133
1055 7.00791 -198.002
1056 10.8192 -199.133
1057 7.41742 -192.341
1058 9.72893 -192.049
1059 11.3987 -200.143
1060 7.488 -201.56
1061 6.50175 -195.556
1062 6.52708 -193.667
1063 4.09241 -202.768
1064 9.44949 -192.118
1065 7.6376 -193.968
1066 8.59239 -200.839
1067 6.9429 -196.749
1068 9.4246 -202.548
1069 4.41657 -186.668
1070 6.62667 -192.806
1071 7.89205 -195.395
1072 8.02511 -190.598
1073 6.40094 -193.216
1074 8.32873 -198.364
1075 10.2343 -202.149
1076 8.41893 -188.884
1077 4.54346 -184.568
1078 3.2831 -195.34
1079 7.21137 -191.044
1080 6.93717 -190.33
1081 9.08541 -202.778
1082 5.46803 -183.984
1083 9.36557 -201.147
1084 8.93721 -204.014
1085 4.06017 -173.384
1086 6.12978 -193.45
1087 5.06082 -201.417
1088 4.08255 -170.362
1089 5.58473 -186.99
1090 10.4651 -196.574
1091 5.12085 -192.649
1092 11.8492 -200.263
1093 5.85252 -197.817
1094 6.38658 -195.786
1095 8.7919 -197.938
1096 16.6535 -188.389
1097 11.9384 -195.905
1098 11.3421 -198.883
1099 8.66048 -203.573
1100 8.65482 -190.542
1101 8.57775 -204.595
1102 5.89461 -164.967
1103 5.7453 -179.359
1104 7.88506 -191.4
1105 8.04362 -205.595
1106 6.15703 -193.022
1107 12.4689 -200.29
1108 12.2158 -201.809
1109 7.48964 -200.622
1110 9.42544 -205.061
1111 7.80258 -194.673
1112 6.41315 -196.302
1113 13.8061 -194.504
1114 9.00856 -200.196
1115 11.1958 -196.53
1116 6.9223 -200.227
1117 6.24801 -197.982
1118 6.60632 -208.636
1119 11.9209 -202.401
1120 8.87003 -198.46
1121 6.96202 -188.367
1122 11.0658 -202.371
1123 10.8036 -191.444
1124 9.02469 -194.056
1125 5.66444 -191.888
1126 4.20901 -194.907
1127 12.1869 -200.466
1128 6.93644 -198.784
1129 11.0668 -204.881
1130 15.3929 -190.774
1131 15.8573 -190.816
1132 14.7811 -193.469
1133 8.63937 -196.541
1134 5.33922 -189.828
1135 6.4801 -195.101
1136 8.59142 -190.742
1137 5.20531 -183.048
1138 6.15507 -198.15
1139 9.92768 -206.826
1140 6.87112 -207.033
1141 7.72734 -185.97
1142 15.5576 -184.406
1143 8.67629 -193.049
1144 7.86657 -203.636
1145 7.17806 -199.538
1146 8.09647 -196.663
1147 9.25761 -198.338
1148 7.06539 -190.53
1149 8.88663 -194.981
1150 11.0206 -192.144
1151 7.95374 -199.256
1152 6.09481 -182.361
1153 7.96618 -205.965
1154 6.81935 -191.051
1155 8.22262 -198.995
1156 10.094 -196.441
1157 6.74657 -192.323
1158 8.58008 -199.553
1159 8.99497 -199.185
1160 5.97943 -189.249
1161 7.36885 -186.45
1162 15.4522 -188.286
1163 8.18305 -200.309
1164 5.95082 -196.653
1165 7.3849 -203.946
1166 7.66701 -196.677
1167 7.47777 -200.297
1168 11.9696 -197.835
1169 8.63454 -191.481
1170 7.63227 -207.56
1171 15.5418 -187.857
1172 5.42834 -204.854
1173 9.49532 -198.636
1174 5.93216 -192.147
1175 5.55508 -191.501
1176 8.84856 -201.48
1177 9.57256 -197.843
1178 9.26659 -206.199
1179 8.89243 -198.149
1180 12.4959 -181.704
1181 18.9492 -187.565
1182 7.13073 -201.914
1183 10.3725 -199.32
1184 4.26759 -198.164
1185 6.39321 -202.204
1186 8.93212 -199.814
1187 11.4312 -202.657
1188 7.90812 -200.71
1189 5.75466 -208.83
1190 5.90447 -192.44
1191 5.99551 -180.267
1192 6.81976 -197.956
1193 7.57757 -191.629
1194 8.01503 -199.237
1195 20.7484 -197.76
1196 8.99558 -200.888
1197 8.89264 -198.942
1198 9.38547 -200.839
1199 6.01227 -192.925
1200 8.05168 -201.557
1201 9.22746 -200.252
1202 13.2523 -175.623
1203 8.02939 -201.414
1204 8.93751 -197.756
1205 8.47326 -200.893
1206 8.28133 -199.137
1207 7.03984 -200.642
1208 6.63696 -191.036
1209 7.94012 -206.62
1210 3.97875 -183.049
1211 12.6951 -184.84
1212 8.40797 -197.808
1213 8.09349 -199.608
1214 8.80742 -197.221
1215 9.40735 -198.533
1216 5.24825 -187.549
1217 13.4876 -194.391
1218 17.5249 -188.742
1219 8.4674 -201.415
1220 7.32331 -199.597
1221 18.9506 -192.602
1222 11.2017 -188.877
1223 12.123 -192.507
1224 8.96177 -198.363
1225 10.1625 -198.257
1226 15.576 -194.499
1227 9.1731 -188.561
1228 9.61418 -203.754
1229 8.19188 -198.425
1230 14.0838 -195.476
1231 6.38603 -205.999
1232 11.7122 -195.11
1233 6.84398 -201.242
1234 12.8793 -191.66
1235 18.814 -193.219
1236 11.7625 -194.063
1237 14.4892 -185.614
1238 8.48349 -200.129
1239 9.47621 -205.307
1240 5.48943 -201.339
1241 7.18069 -198.195
1242 10.0321 -200.391
1243 10.8016 -190.911
1244 6.36889 -193.051
1245 13.2081 -195.11
1246 7.61754 -193.07
1247 4.33845 -179.479
1248 18.967 -179.414
1249 7.32353 -188.424
1250 9.0209 -191.611
1251 9.06063 -200.758
1252 9.23329 -194.732
1253 8.76036 -201.965
1254 7.01784 -191.957
1255 6.81251 -196.401
1256 9.20914 -199.2
1257 5.63877 -200.43
1258 12.7495 -197.299
1259 13.1606 -193.779
1260 3.5989 -167.037
1261 7.88137 -201.073
1262 19.0434 -187.049
1263 21.3735 -176.478
1264 6.43789 -198.261
1265 13.7106 -194.93
1266 6.98935 -205.868
1267 8.62604 -194.883
1268 7.64481 -190.512
1269 8.27761 -195.673
1270 14.2565 -190.753
1271 10.1351 -197.834
1272 7.49692 -194.835
1273 12.7119 -197.733
1274 6.0325 -198.958
1275 7.97037 -201.741
1276 12.8769 -198.16
1277 6.52411 -204.56
1278 8.09031 -195.631
1279 13.7946 -180.642
1280 7.4829 -205.063
1281 16.3141 -185.673
1282 12.1145 -201.929
1283 10.7154 -203.177
1284 5.95239 -199.035
1285 16.5101 -188.007
1286 4.51688 -200.071
1287 13.336 -190.914
1288 4.72155 -193.173
1289 8.36793 -201.749
1290 15.2971 -181.488
1291 6.68438 -194.724
1292 7.1614 -195.632
1293 9.97285 -199.872
1294 8.04628 -186.605
1295 7.33379 -192.315
1296 6.94608 -200.293
1297 13.0828 -197.435
1298 12.25 -196.046
1299 5.89843 -191.86
1300 6.17913 -190.327
1301 6.05924 -201.876
1302 7.5793 -200.046
1303 4.81766 -186.954
1304 7.22929 -190.186
1305 8.22285 -200.12
1306 5.38598 -182.635
1307 10.5038 -189.767
1308 9.52412 -187.97
1309 7.6356 -190.479
1310 8.56562 -187.897
1311 5.21857 -170.506
1312 11.81 -191.44
1313 6.27319 -194.673
1314 13.6098 -182.524
1315 14.4593 -183.625
1316 7.37313 -185.54
1317 7.51544 -183.202
1318 8.35048 -192.499
1319 11.2046 -185.322
1320 13.4313 -185.777
1321 7.92647 -197.376
1322 11.0018 -187.322
1323 5.51861 -171.233
1324 14.5289 -166.48
1325 8.08347 -196.422
1326 11.0687 -195.652
1327 8.9676 -195.951
1328 6.62781 -190.288
1329 4.02935 -205.134
1330 9.89622 -191.588
1331 13.3434 -174.522
1332 8.78884 -187.549
1333 7.79646 -191.404
1334 11.255 -189.534
1335 9.79463 -184.512
1336 7.80146 -193.158
1337 3.40044 -207.2
1338 7.78724 -189.078
1339 7.27799 -198.074
1340 7.80148 -186.434
1341 7.59492 -200.14
1342 7.00536 -182.111
1343 7.23834 -194.004
1344 17.8527 -179.111
1345 7.67262 -183.566
1346 13.6186 -188.277
1347 5.67991 -184.309
1348 6.21188 -178.719
1349 8.45249 -181.819
1350 13.6459 -185.765
1351 8.15418 -193.534
1352 9.1695 -186.902
1353 13.5108 -185.966
1354 8.73623 -192.593
1355 8.29017 -183.52
1356 7.12742 -194.527
1357 8.56123 -182.73
1358 9.71346 -195.03
1359 9.20161 -190.39
1360 4.95096 -175.273
1361 6.34058 -194.172
1362 7.80261 -192.863
1363 9.34914 -191.846
1364 6.19448 -187.143
1365 10.0549 -192.547
1366 7.56484 -193.161
1367 9.26894 -190.467
1368 12.2264 -190.281
1369 6.12274 -189.434
1370 6.98593 -185.662
1371 10.5584 -188.112
1372 5.825 -190.26
1373 9.35346 -196.956
1374 3.1496 -201.71
1375 8.7327 -197.739
1376 6.32839 -180.93
1377 9.44222 -189.881
1378 20.8922 -187.179
1379 7.33356 -186.925
1380 7.90619 -183.32
1381 6.83289 -175.201
1382 12.4954 -193.587
1383 4.84348 -189.346
1384 9.10037 -194.865
1385 8.81604 -191.167
1386 10.7167 -191.286
1387 20.293 -186.791
1388 7.58867 -178.096
1389 4.16885 -201.828
1390 5.78013 -185.334
1391 7.05183 -192.219
1392 9.10253 -187.608
1393 10.8129 -190.89
1394 5.75495 -184.789
1395 7.60367 -189.305
1396 8.67963 -187.657
1397 11.167 -194.06
1398 6.35452 -190.766
1399 6.02711 -184.548
1400 7.634 -187.862
1401 14.7819 -181.623
1402 13.5269 -189.134
1403 11.6361 -186.391
1404 8.33364 -192.486
1405 6.24637 -183.371
1406 11.7143 -192.291
1407 11.4413 -196.205
1408 9.15375 -199.182
1409 7.48391 -191.808
1410 7.05212 -187.682
1411 10.814 -189.322
1412 14.1818 -171.133
1413 7.36005 -184.513
1414 8.59565 -189.936
1415 10.6603 -192.499
1416 8.92563 -195.041
1417 16.1996 -174.015
1418 6.76289 -194.633
1419 11.6833 -191.097
1420 9.70244 -189.363
1421 7.70485 -182.404
1422 12.5688 -186.407
1423 9.66103 -194.08
1424 7.39775 -181.009
1425 6.09351 -181.07
1426 9.07853 -194.222
1427 6.03316 -185.085
1428 13.7001 -192.811
1429 3.42995 -164.167
1430 17.2314 -187.824
1431 14.1867 -180.482
1432 7.19253 -187.382
1433 19.7938 -185.565
1434 13.3976 -170.98
1435 12.0191 -177.988
1436 7.78227 -190.387
1437 4.74904 -177.688
1438 11.2464 -188.16
1439 12.5022 -188.459
1440 14.6288 -181.106
1441 8.22157 -187.241
1442 17.2602 -182.839
1443 9.50088 -191.667
1444 7.98224 -188.79
1445 11.0302 -188.658
1446 8.09028 -187.4
1447 9.2071 -165.724
1448 8.93803 -194.278
1449 8.28972 -195.662
1450 12.2395 -185.899
1451 8.26116 -186.03
1452 6.81555 -186.85
1453 16.6077 -174.922
1454 6.47492 -194.238
1455 8.25782 -204.113
1456 13.0104 -170.62
1457 9.25921 -186.161
1458 11.4917 -188.299
1459 4.31238 -167.568
1460 11.7641 -191.669
1461 3.02654 -175.76
1462 7.35349 -193.322
1463 6.37095 -194.395
1464 9.75898 -193.584
1465 15.7159 -182.966
1466 7.60841 -187.046
1467 3.10102 -186.334
1468 5.11638 -178.272
1469 6.80631 -188.008
1470 13.0805 -192.16
1471 9.71422 -183.971
1472 5.4068 -172.431
1473 4.11578 -172.805
1474 8.61539 -191.218
1475 9.41614 -186.767
1476 12.0714 -186.386
1477 8.54754 -195.34
1478 9.07071 -193.924
1479 7.71811 -180.984
1480 10.3974 -189.261
1481 7.72781 -188.952
1482 7.40242 -187.487
1483 5.42831 -178.736
1484 8.86203 -188.501
1485 10.4908 -189.942
1486 8.17049 -193.7
1487 6.30531 -188.604
1488 7.54958 -184.469
1489 8.35714 -194.031
1490 8.39411 -196.284
1491 7.3755 -195.957
1492 5.51082 -212.677
1493 7.03892 -182.002
1494 6.98918 -196.659
1495 6.87874 -188.16
1496 8.85103 -201.077
1497 11.6578 -184.95
1498 13.8523 -184.549
1499 13.8522 -180.594
1500 7.14074 -186.37
1501 8.55035 -186.861
1502 3.84145 -183.572
1503 12.0202 -181.305
1504 7.14692 -187.88
1505 7.70775 -187.408
1506 7.60756 -187.097
1507 7.76004 -190.967
1508 9.38746 -192.877
1509 9.50151 -185.535
1510 8.16406 -192.585
1511 11.8144 -186.521
1512 5.44048 -180.798
1513 10.1594 -195.819
1514 9.63966 -189.719
1515 7.66752 -188.916
1516 17.1693 -182.792
1517 9.56113 -189.83
1518 7.12463 -189.399
1519 13.126 -185.285
1520 8.44817 -188.718
1521 8.74194 -196.615
1522 8.16733 -199.085
1523 5.45936 -192.923
1524 5.89867 -191.466
1525 17.075 -182.799
1526 10.0287 -194.763
1527 11.1608 -186.121
1528 7.71945 -186.412
1529 9.0065 -188.13
1530 5.95354 -186.788
1531 9.51641 -191.953
1532 9.44093 -192.814
1533 3.94826 -181.565
1534 8.90711 -192.497
1535 7.82661 -191.313
1536 7.23763 -200.344
1537 4.01573 -175.133
1538 13.7925 -168.001
1539 19.8751 -184.029
1540 9.97433 -188.883
1541 9.27344 -195.101
1542 5.38034 -191.763
1543 8.63044 -185.601
1544 7.2942 -182.977
1545 11.9677 -182.312
1546 9.10721 -192.142
1547 7.50742 -191.694
1548 10.5569 -191.513
1549 14.6357 -173.855
1550 12.349 -185.897
1551 6.26964 -188.889
1552 6.20481 -192.023
1553 4.70783 -182.392
1554 13.6864 -185.227
1555 7.81138 -190.523
1556 7.99646 -184.768
1557 14.3395 -186.971
1558 7.59724 -198.323
1559 7.7826 -181.664
1560 3.32429 -202.042
1561 8.1048 -188.695
1562 8.05882 -188.259
1563 3.3296 -167.452
1564 9.63946 -187.02
1565 7.64607 -191.673
1566 8.91229 -184.903
1567 4.35436 -172.89
1568 4.09029 -170.97
1569 6.64193 -192.057
1570 5.97897 -165.068
1571 10.2978 -195.042
1572 7.67052 -187.084
1573 5.96419 -180.453
1574 8.07678 -198.069
1575 7.5919 -194.711
1576 8.97086 -192.28
1577 6.08406 -183.529
1578 7.48932 -189.573
1579 5.18864 -206.275
1580 13.1171 -186.88
1581 6.82352 -194.485
1582 5.79646 -180.13
1583 7.73739 -190.279
1584 13.554 -183.921
1585 6.70824 -179.469
1586 7.11791 -185.867
1587 6.04937 -182.005
1588 15.5735 -177.106
1589 6.48397 -193.362
1590 6.54014 -203.543
1591 5.21847 -187.152
1592 11.2849 -182.068
1593 7.18868 -209.196
1594 9.88529 -196.164
1595 6.56392 -196.161
1596 7.79149 -183.947
1597 9.32901 -201.537
1598 9.73629 -201.4
1599 6.27628 -192.748
1600 10.2238 -199.192
1601 10.1762 -200.517
1602 7.23326 -192.657
1603 12.9492 -200.283
1604 12.4243 -194.309
1605 10.3013 -194.743
1606 22.017 -190.622
1607 7.63992 -201.59
1608 9.33535 -196.392
1609 6.71309 -198.509
1610 8.09862 -196.237
1611 8.18063 -197.306
1612 5.32501 -182.012
1613 7.59436 -193.645
1614 5.03446 -195.848
1615 4.41543 -180.432
1616 11.9859 -186.29
1617 6.26856 -202.428
1618 4.90333 -186.375
1619 14.1338 -192.154
1620 6.33732 -198.702
1621 7.14915 -193.745
1622 9.2802 -201.329
1623 10.8034 -199.038
1624 7.91718 -189.812
1625 8.86197 -192.553
1626 14.2973 -190.036
1627 4.23187 -200.505
1628 7.64632 -197.512
1629 4.33823 -189.341
1630 9.05922 -193.56
1631 12.7017 -194.594
1632 6.11193 -193.632
1633 6.65097 -197.138
1634 9.37399 -198.61
1635 7.09649 -192.382
1636 6.78245 -187.9
1637 8.93033 -201.54
1638 14.4177 -192.916
1639 6.4177 -210.094
1640 9.02192 -193.702
1641 9.08058 -198.002
1642 5.98734 -196.01
1643 9.75437 -199.672
1644 3.67183 -186.064
1645 11.1379 -195.829
1646 7.84132 -195.294
1647 10.0271 -194.808
1648 9.64032 -197.701
1649 4.63118 -174.108
1650 14.2771 -198.825
1651 8.7229 -194.148
1652 9.22157 -199.344
1653 8.20504 -204.266
1654 8.31874 -201.481
1655 9.5213 -196.668
1656 9.07677 -197.242
1657 7.78974 -195.154
1658 11.0918 -204.135
1659 17.6822 -191.388
1660 9.78933 -202.127
1661 7.78753 -196.204
1662 7.71572 -195.241
1663 7.83078 -203.624
1664 8.50185 -194.996
1665 9.8121 -193.126
1666 7.71929 -194.315
1667 11.6562 -200.409
1668 8.38486 -196.633
1669 9.25629 -196.832
1670 9.59943 -198.962
1671 5.29583 -194.752
1672 15.0887 -191.094
1673 7.86417 -196.492
1674 7.10626 -193.939
1675 8.93253 -198.593
1676 6.66395 -207.705
1677 9.96259 -194.255
1678 8.64566 -201.377
1679 8.78082 -202.986
1680 13.0986 -195.97
1681 9.76142 -195.601
1682 6.47604 -195.56
1683 4.31367 -184.988
1684 6.72393 -199.108
1685 5.28864 -199.038
1686 7.65764 -198.92
1687 15.873 -191.834
1688 7.22768 -195.6
1689 7.82102 -189.768
1690 6.17068 -199.566
1691 4.08412 -211.063
1692 6.04518 -191.288
1693 9.64569 -199.624
1694 9.36105 -204.084
1695 7.6184 -200.805
1696 7.00223 -204.48
1697 4.91309 -202.513
1698 9.33955 -198.842
1699 6.59575 -189.966
1700 16.0367 -178.114
1701 9.0032 -198.218
1702 7.67074 -195.417
1703 9.21292 -196.348
1704 13.2024 -184.729
1705 13.7446 -178.167
1706 8.34355 -194.341
1707 10.9737 -202.392
1708 8.40096 -202.342
1709 7.68446 -193.324
1710 7.45494 -202.405
1711 11.5423 -189.702
1712 6.28826 -191.769
1713 6.94822 -196.849
1714 8.36199 -206.344
1715 8.70601 -198.177
1716 7.05148 -189.01
1717 17.5029 -182.58
1718 8.41969 -193.117
1719 14.4353 -194.117
1720 4.17553 -183.642
1721 7.09552 -191.664
1722 8.78265 -197.302
1723 10.9054 -198.172
1724 11.3472 -197.493
1725 8.70598 -196.494
1726 11.8543 -198.369
1727 6.43279 -192.126
1728 6.92188 -191.521
1729 9.65856 -202.366
1730 7.82358 -200.817
1731 9.79153 -203.739
1732 11.5142 -199.154
1733 8.26633 -206.587
1734 6.16422 -202.403
1735 9.84482 -199.674
1736 6.88419 -200.507
1737 6.89449 -198.231
1738 5.47562 -199.45
1739 12.025 -199.68
1740 7.22335 -189.18
1741 7.29819 -187.586
1742 15.4691 -186.886
1743 6.55976 -194.732
1744 9.91951 -195.378
1745 14.9577 -191.226
1746 11.8366 -198.575
1747 8.39 -189.328
1748 11.2262 -192.003
1749 5.75506 -188.215
1750 5.39731 -192.899
1751 7.06568 -203.204
1752 6.28569 -194.933
1753 10.9312 -198.173
1754 8.36399 -193.027
1755 9.77874 -202.209
1756 5.09215 -189.564
1757 7.83865 -192.389
1758 6.51205 -189.577
1759 6.32688 -188.757
1760 7.72282 -206.246
1761 6.45557 -195.524
1762 7.32959 -193.406
1763 7.65238 -200.456
1764 13.6268 -195.785
1765 6.6364 -195.471
1766 13.6142 -197.967
1767 13.7184 -193.873
1768 8.71176 -203.853
1769 8.74232 -203.022
1770 7.82519 -199.392
1771 7.32727 -198.099
1772 7.9158 -193.605
1773 6.60021 -195.266
1774 8.08887 -191.883
1775 8.1684 -195.804
1776 7.68456 -197.439
1777 4.04694 -185.678
1778 11.3136 -197.289
1779 10.7832 -197.976
1780 14.681 -184.716
1781 6.37689 -197.016
1782 17.8892 -186.134
1783 5.03366 -184.354
1784 6.39483 -199.515
1785 8.34554 -194.403
1786 8.19026 -200.385
1787 6.3482 -204.396
1788 5.23114 -189.771
1789 6.90194 -199.711
1790 15.6346 -181.537
1791 14.6682 -188.436
1792 6.11371 -187.716
1793 8.14416 -203.627
1794 7.49423 -204.323
1795 8.74175 -203.415
1796 9.11045 -197.592
1797 7.20524 -185.011
1798 7.23359 -203.087
1799 9.537 -201.071
1800 21.1238 -188.066
1801 5.57855 -192.582
1802 6.86392 -205.065
1803 9.21188 -194.936
1804 5.47978 -185.53
1805 6.01088 -204.271
1806 5.84713 -185.952
1807 10.6242 -193.818
1808 6.9162 -195.687
1809 5.64213 -194.831
1810 7.47485 -193.736
1811 9.36426 -192.119
1812 11.5919 -200.108
1813 14.1287 -191.338
1814 11.0033 -198.723
1815 8.8541 -194.599
1816 4.36275 -168.294
1817 6.8725 -194.377
1818 6.31561 -205.738
1819 4.46159 -170.963
1820 6.56466 -203.35
1821 16.2363 -189.224
1822 8.45052 -200.467
1823 6.61039 -212.967
1824 4.59217 -190.873
1825 6.96443 -199.68
1826 8.27132 -193.473
1827 6.93485 -194.65
1828 7.56429 -190.822
1829 6.68426 -205.911
1830 7.10686 -197.213
1831 13.608 -197.168
1832 8.6283 -200.977
1833 4.15483 -193.268
1834 7.49946 -197.119
1835 7.43875 -195.452
1836 11.1294 -199.528
1837 5.51308 -182.858
1838 8.20517 -190.062
1839 12.1693 -199.769
1840 20.2368 -193.91
1841 8.16494 -199.923
1842 7.52876 -202.522
1843 7.16575 -201.863
1844 7.90453 -204.299
1845 14.1717 -189.405
1846 11.2632 -194.736
1847 5.43283 -194.952
1848 12.5001 -198.471
1849 7.6367 -197.712
1850 7.34371 -192.336
1851 8.48795 -197.526
1852 3.81523 -182.885
1853 5.84749 -189.396
1854 11.5082 -197.247
1855 4.92211 -199.043
1856 4.14882 -205.697
1857 4.41497 -186.267
1858 7.53813 -203.187
1859 8.14003 -200.207
1860 3.17741 -218.672
1861 13.3691 -187.855
1862 5.79449 -212.163
1863 7.25943 -197.092
1864 9.11342 -197.12
1865 6.54502 -188.874
1866 8.61668 -200.803
1867 6.84143 -196.71
1868 6.52646 -198.396
1869 7.53039 -200.519
1870 6.48759 -202.993
1871 17.0579 -189.871
1872 7.09652 -193.777
1873 7.448 -194.466
1874 12.2615 -199.254
1875 6.00411 -202.332
1876 8.15709 -203.716
1877 15.4658 -186.167
1878 7.147 -198.394
1879 6.53501 -195.484
1880 6.58881 -201.404
1881 12.9166 -199.783
1882 9.66767 -193.092
1883 12.56 -196.901
1884 7.82745 -192.848
1885 10.9047 -198.803
1886 9.96284 -201.315
1887 12.9628 -184.202
1888 13.9382 -196.631
1889 7.4716 -194.725
1890 8.75251 -199.025
1891 10.1205 -193.443
1892 15.6576 -188.935
1893 6.71568 -194.165
1894 7.57297 -192.242
1895 7.76508 -197.877
1896 10.3624 -194.682
1897 12.5883 -189.408
1898 7.79504 -196.498
1899 11.6954 -197.857
1900 9.25776 -200.376
1901 5.27466 -186.306
1902 15.2269 -175.959
1903 6.68731 -190.883
1904 10.4162 -199.546
1905 5.08667 -190.801
1906 8.95975 -186.112
1907 7.165 -193.386
1908 8.12231 -191.089
1909 11.1974 -195.05
1910 7.85205 -192.645
1911 20.258 -188.562
1912 4.87117 -191.997
1913 6.66409 -188.199
1914 9.98037 -197.529
1915 6.53278 -198.713
1916 15.9514 -190.646
1917 6.1427 -208.119
1918 21.9898 -187.355
1919 7.63878 -201.143
1920 9.1107 -207.047
1921 5.93913 -190.774
1922 8.72337 -196.649
1923 6.27071 -197.403
1924 6.1372 -207.642
1925 8.53072 -203.86
1926 7.55158 -197.897
1927 9.52707 -192.666
1928 6.68975 -205.278
1929 10.386 -198.994
1930 7.36141 -203.582
1931 7.29739 -189.059
1932 6.33014 -196.53
1933 9.99084 -185.085
1934 12.1944 -191.634
1935 7.24558 -194.126
1936 9.09918 -192.579
1937 8.18882 -199.431
1938 3.76223 -202.87
1939 9.13282 -202.106
1940 6.52874 -193.271
1941 10.5936 -195.219
1942 9.65501 -193.798
1943 12.8449 -190.643
1944 14.7831 -191.598
1945 8.68733 -207.712
1946 8.14696 -193.581
1947 8.75213 -192.04
1948 12.5655 -197.158
1949 8.78305 -206.062
1950 8.19234 -191.083
1951 6.40946 -179.506
1952 6.46669 -185.461
1953 7.0768 -203.772
1954 7.13212 -188.446
1955 9.52853 -202.121
1956 14.2053 -196.184
1957 8.70406 -196.078
1958 6.94469 -200.56
1959 7.51486 -196.499
1960 4.96513 -205.383
1961 9.66113 -190.561
1962 6.97754 -189.831
1963 4.82004 -194.668
1964 7.64344 -190.663
1965 8.27949 -205.288
1966 7.21182 -175.717
1967 11.4418 -197.038
1968 10.7343 -198.325
1969 12.3954 -197.068
1970 17.8244 -188.95
1971 6.52188 -189.662
1972 8.72384 -205.535
1973 18.092 -188.027
1974 8.69278 -193.226
1975 15.9489 -182.55
1976 8.28909 -199.885
1977 8.54495 -203.732
1978 7.50452 -206.931
1979 11.9088 -202.69
1980 7.84921 -206.779
1981 6.99863 -194.596
1982 8.01012 -184.902
1983 8.29739 -195.397
1984 7.97432 -209.738
1985 16.4654 -191.344
1986 6.70682 -200.216
1987 10.9209 -199.6
1988 6.58699 -191.34
1989 7.57454 -202.126
1990 6.61229 -188.855
1991 4.23187 -181.437
1992 8.62492 -194.932
1993 13.8409 -191.061
1994 7.02184 -202.836
1995 7.11257 -197.589
1996 8.36597 -201.781
1997 8.00535 -195.387
1998 8.15512 -195.517
1999 12.1771 -200.931
2000 7.32814 -209.383
2001 4.16805 -177.327
2002 8.09577 -190.434
2003 3.17183 -200.063
2004 8.41417 -197.899
2005 7.33302 -195.774
2006 4.64178 -190.535
2007 18.2712 -195.792
2008 12.5337 -197.654
2009 7.37469 -189.435
2010 7.40293 -204.369
2011 6.57213 -188.526
2012 8.78962 -199.783
2013 5.85727 -184.506
2014 8.5364 -192.818
2015 17.9509 -187.688
2016 6.9455 -202.416
2017 8.0306 -199.326
2018 13.7603 -196.262
2019 4.07408 -177.306
2020 6.81217 -193.875
2021 9.33196 -199.681
2022 8.39119 -203.178
2023 6.88483 -190.462
2024 9.1751 -191.564
2025 8.76694 -199.815
2026 5.67244 -200.088
2027 5.21533 -187.529
2028 3.78657 -177.364
2029 16.2056 -189.738
2030 12.9248 -196.548
2031 7.00969 -191.955
2032 7.20942 -205.075
2033 4.36746 -191.09
2034 7.80391 -191.748
2035 7.19445 -198.775
2036 11.1902 -201.123
2037 9.22592 -188.614
2038 11.6099 -203.934
2039 10.9603 -194.019
2040 7.32794 -204.461
2041 13.0468 -194.438
2042 6.02375 -196.316
2043 9.3746 -194.285
2044 12.2075 -189.177
2045 6.11906 -202.24
2046 7.92245 -201.47
2047 16.9038 -185.27
2048 4.81518 -202.561
2049 6.48851 -196.488
2050 6.7498 -194.946
2051 12.4258 -191.24
2052 7.19474 -194.69
2053 7.00814 -192.913
2054 14.5906 -180.788
2055 9.50613 -190.724
2056 5.25293 -202.408
2057 10.2276 -190.469
2058 8.95899 -199.18
2059 5.08883 -191.945
2060 10.2241 -196.767
2061 18.8249 -187.91
2062 7.5305 -202.278
2063 16.3404 -188.789
2064 8.61543 -198.507
2065 6.65341 -201.643
2066 14.8417 -187.903
2067 8.62013 -207.419
2068 7.7335 -201.315
2069 7.69907 -203.639
2070 6.33557 -193.528
2071 8.74263 -206.384
2072 13.4567 -194.223
2073 6.89886 -201.511
2074 7.71001 -207.484
2075 7.72587 -194.229
2076 11.8719 -197.684
2077 16.1187 -191.495
2078 8.80528 -197.471
2079 6.77668 -185.76
2080 8.68971 -201.243
2081 8.36377 -199.893
2082 6.24548 -190.055
2083 7.54747 -196.036
2084 14.8321 -185.993
2085 8.34929 -199.685
2086 9.37184 -191.865
2087 19.1005 -197.18
2088 3.1353 -205.771
2089 9.21051 -201.97
2090 14.936 -192.781
2091 4.40658 -198.951
2092 5.61855 -193.049
2093 10.5282 -189.977
2094 7.26971 -194.971
2095 8.72266 -199.797
2096 13.6048 -191.795
2097 7.62147 -198.005
2098 8.77146 -191.726
2099 7.21696 -194.031
2100 7.47717 -193.451
2101 7.61684 -193.325
2102 18.6177 -187.642
2103 7.5374 -191.441
2104 12.1341 -193.849
2105 11.7415 -200.074
2106 9.45189 -193.651
2107 7.6077 -201.004
2108 7.97521 -203.62
2109 7.75228 -194.895
2110 5.73936 -190.439
2111 8.89336 -199.261
2112 6.28091 -202.239
2113 7.45622 -203.396
2114 3.99136 -184.298
2115 7.09303 -189.533
2116 7.57823 -193.387
2117 8.19718 -196.382
2118 6.30927 -186.542
2119 16.172 -193.034
2120 5.30801 -181.33
2121 6.87453 -196.955
2122 13.6765 -195.413
2123 14.4176 -180.446
2124 7.62704 -205.397
2125 13.9733 -196.802
2126 5.58157 -202.196
2127 7.56163 -198.802
2128 5.52259 -182.127
2129 8.70742 -196.26
2130 9.72516 -189.919
2131 10.6875 -192.99
2132 7.54437 -198.919
2133 8.95671 -193.002
2134 4.64653 -189.518
2135 6.81576 -194.423
2136 3.85869 -171.195
2137 7.84909 -193.084
2138 4.20501 -191.351
2139 6.99046 -205.005
2140 6.52106 -192.407
2141 5.59116 -195.953
2142 12.0094 -198.44
2143 7.80057 -198.856
2144 10.178 -202.183
2145 8.50849 -197.458
2146 5.2764 -191.032
2147 6.53051 -187.619
2148 12.3009 -193.328
2149 10.1732 -199.251
2150 5.27316 -196.013
2151 8.4458 -196.187
2152 12.6665 -197.622
2153 7.89618 -190.153
2154 4.303 -185.046
2155 7.6812 -197.377
2156 5.47293 -175.059
2157 7.46046 -195.643
2158 7.02157 -195.183
2159 9.05619 -196.339
2160 16.2728 -192.566
2161 7.83811 -195.96
2162 8.1382 -194.685
2163 7.14531 -194.386
2164 14.9308 -192.272
2165 11.2034 -202.35
2166 5.62987 -193.104
2167 6.7419 -194.699
2168 9.61039 -202.885
2169 9.90375 -202.688
2170 6.98093 -201.658
2171 7.109 -200.534
2172 4.69043 -199.041
2173 7.17167 -206.969
2174 10.4159 -188.367
2175 16.7726 -189.554
2176 9.95286 -193.626
2177 7.35306 -202.23
2178 8.60892 -201.692
2179 11.9532 -196.578
2180 8.09806 -198.589
2181 8.06779 -195.731
2182 7.62707 -198.889
2183 9.32135 -199.091
2184 4.68626 -197.823
2185 7.73001 -196.546
2186 12.5361 -199.984
2187 10.7887 -201.89
2188 8.00873 -194.678
2189 3.00143 -184.962
2190 6.20699 -199.514
2191 8.41088 -201.224
2192 8.3617 -200.462
2193 6.25012 -200.295
2194 11.9164 -201.944
2195 5.92669 -192.231
2196 7.2909 -184.555
2197 11.1801 -190.972
2198 8.68201 -189.24
2199 7.15258 -195.423
2200 13.9627 -182.17
2201 5.10816 -182.297
2202 4.56363 -197.664
2203 7.32731 -196.986
2204 14.3684 -188.691
2205 8.83607 -193.027
2206 7.93315 -201.981
2207 7.31691 -193.144
2208 6.84287 -188.746
2209 9.29018 -181.498
2210 4.47235 -187.451
2211 9.17308 -188.865
2212 6.97145 -193.704
2213 5.81608 -205.793
2214 5.31254 -194.36
2215 6.38728 -180.554
2216 22.138 -180.335
2217 10.4397 -189.546
2218 9.69823 -199.733
2219 5.39295 -190.536
2220 6.91574 -177.553
2221 8.14818 -186.968
2222 8.94124 -195.589
2223 6.89326 -186.33
2224 7.5081 -190.799
2225 8.06818 -193.118
2226 8.89842 -190.816
2227 7.88683 -184.16
2228 12.8694 -188.806
2229 13.4919 -189.566
2230 12.1107 -193.365
2231 7.73889 -192.381
2232 14.435 -174.112
2233 9.6185 -197.663
2234 8.76993 -183.224
2235 7.31989 -189.908
2236 7.62706 -193.426
2237 8.77429 -193.354
2238 9.90133 -188.957
2239 7.02472 -180.987
2240 9.0794 -191.745
2241 10.4814 -191.797
2242 6.19469 -186.252
2243 7.60345 -193.198
2244 5.22288 -186.366
2245 3.336 -187.125
2246 7.4415 -187.879
2247 5.04062 -180.163
2248 111.912 -188.741
2249 8.11409 -197.037
2250 6.68278 -194.755
2251 7.61123 -191.367
2252 5.83627 -179.27
2253 6.02471 -202.412
2254 10.2151 -195.969
2255 5.47915 -182.739
2256 11.6148 -189.483
2257 5.79979 -174.836
2258 15.5629 -183.436
2259 7.13811 -197.038
2260 14.0126 -175.846
2261 7.69832 -188.271
2262 10.0752 -191.12
2263 7.75874 -195.476
2264 5.30594 -184.768
2265 8.36097 -203.411
2266 9.11212 -194.146
2267 12.8904 -187.483
2268 6.55903 -173.12
2269 8.28747 -192.729
2270 7.36055 -188.756
2271 4.31414 -191.361
2272 9.07732 -190.848
2273 8.30668 -192.298
2274 22.1689 -185.391
2275 20.3789 -191.785
2276 15.4332 -171.237
2277 6.11975 -183.372
2278 12.6167 -175.874
2279 9.37685 -187.85
2280 14.0129 -184.707
2281 12.322 -191.126
2282 6.42745 -186.24
2283 16.641 -181.245
2284 11.6564 -190.79
2285 17.4219 -182.272
2286 13.4046 -184.747
2287 4.95669 -177.056
2288 6.65193 -199.65
2289 9.48496 -187.581
2290 16.3561 -181.812
2291 7.90512 -185.947
2292 11.7552 -193.159
2293 6.54285 -186.526
2294 18.6098 -180.285
2295 13.5854 -173.26
2296 6.71902 -198.119
2297 5.89432 -213.213
2298 8.17824 -190.215
2299 8.2544 -191.754
2300 4.80084 -169.395
2301 5.78127 -177.918
2302 6.18545 -190.466
2303 8.8175 -195.204
2304 6.99342 -189.712
2305 7.39073 -185.178
2306 4.76683 -171.353
2307 6.76733 -187.332
2308 17.0746 -177.282
2309 10.608 -193.255
2310 11.1955 -192.172
2311 8.01114 -186.928
2312 7.18001 -175.658
2313 17.4757 -180.76
2314 8.49918 -195.008
2315 10.2621 -197.761
2316 9.68145 -188.839
2317 9.40533 -192.792
2318 8.01095 -192.31
2319 7.43962 -194.711
2320 11.1312 -191.651
2321 16.4916 -181.561
2322 6.77596 -194.761
2323 7.8109 -190.42
2324 12.1143 -178.733
2325 7.16249 -187.556
2326 13.6249 -186.594
2327 17.7913 -180.581
2328 9.76063 -193
2329 15.0325 -185.433
2330 8.01777 -189.328
2331 8.6538 -188.879
2332 7.16384 -199.14
2333 13.2666 -181.4
2334 5.39997 -195.23
2335 9.67285 -192.023
2336 4.27812 -184.745
2337 7.33127 -183.761
2338 15.9365 -185.597
2339 7.88925 -204.927
2340 12.5934 -181.839
2341 8.41825 -194.753
2342 6.03624 -179.587
2343 6.7515 -189.276
2344 7.21386 -195.306
2345 9.01223 -191.444
2346 9.17256 -191.622
2347 5.41992 -172.976
2348 4.43414 -169.261
2349 10.385 -192.22
2350 7.34119 -184.914
2351 7.06236 -179.116
2352 8.41076 -189.246
2353 5.65398 -192.862
2354 7.83689 -192.598
2355 7.82767 -195.926
2356 9.68088 -186.904
2357 4.99934 -184.187
2358 8.23559 -191.585
2359 14.0681 -179.139
2360 9.21744 -185.604
2361 8.69201 -186.054
2362 8.99481 -199.082
2363 9.57677 -194.225
2364 5.32986 -186.59
2365 7.24183 -193.811
2366 9.91081 -194.61
2367 6.72567 -190.736
2368 8.31141 -202.139
2369 14.8148 -183.273
2370 5.72235 -176.209
2371 6.51172 -184.07
2372 16.8615 -177.567
2373 3.52007 -186.82
2374 8.53817 -195.153
2375 8.03975 -191.018
2376 6.32092 -194.568
2377 7.56103 -193.853
2378 7.95907 -185.955
2379 5.12488 -192.885
2380 7.41887 -191.609
2381 8.41514 -191.55
2382 7.98407 -188.876
2383 7.44475 -187.56
2384 6.31789 -190.033
2385 3.06417 -193.899
2386 8.20056 -185.263
2387 7.78677 -186.011
2388 7.22075 -193.849
2389 5.41624 -171.055
2390 7.40078 -191.603
2391 8.73699 -194.937
2392 9.8648 -188.66
2393 8.46902 -190.396
2394 9.28788 -196.586
2395 6.34049 -184.911
2396 7.98501 -190.069
2397 9.87844 -190.613
2398 11.2774 -188.623
2399 15.9422 -184.354
2400 7.95203 -184.229
2401 4.37456 -168.255
2402 8.37637 -194.094
2403 21.0256 -185.769
2404 8.05492 -192.686
2405 12.8645 -185.759
2406 5.11019 -175.743
2407 8.34691 -196.138
2408 5.83904 -197.14
2409 6.94638 -191.514
2410 8.41382 -191.108
2411 10.6554 -177.103
2412 14.4653 -187.319
2413 8.652 -188.952
2414 3.18627 -169.967
2415 6.07298 -180.033
2416 8.36225 -193.206
2417 9.52865 -195.622
2418 12.051 -195.783
2419 15.1837 -178.088
2420 7.41703 -191.481
2421 9.36119 -190.794
2422 5.57424 -179.288
2423 8.99844 -181.441
2424 6.60983 -204.094
2425 5.97698 -179.025
2426 7.98263 -182.157
2427 10.1589 -194.468
2428 6.24154 -177.442
2429 3.03237 -196.523
2430 3.2576 -187.244
2431 8.09861 -193.648
2432 11.3726 -192.282
2433 9.12043 -197.252
2434 16.8585 -188.22
2435 7.0873 -182.777
2436 7.40654 -189.692
2437 8.4406 -191.473
2438 5.56562 -174.558
2439 10.8998 -194.304
2440 8.73502 -198.778
2441 8.36363 -186.017
2442 6.03605 -205.996
2443 13.2282 -186.029
2444 10.4619 -196.48
2445 8.45232 -195.751
2446 6.88277 -194.653
2447 14.2975 -180.777
2448 8.64321 -187.802
2449 6.51713 -190.951
2450 12.8179 -178.881
2451 12.6999 -191.493
2452 9.0852 -193.337
2453 5.63427 -173.356
2454 8.98591 -186.092
2455 7.62572 -190.27
2456 9.22698 -195.513
2457 5.25672 -211.175
2458 11.0975 -184.877
2459 19.8071 -185.525
2460 5.25886 -181.079
2461 6.34336 -193.627
2462 7.19996 -190.689
2463 18.7138 -188.172
2464 7.75341 -191.687
2465 3.18016 -198.654
2466 6.2683 -183.487
2467 13.6227 -187.485
2468 7.31939 -188.59
2469 10.3241 -186.167
2470 6.2731 -188.273
2471 3.98262 -177.258
2472 4.70586 -176.79
2473 20.2017 -183.831
2474 11.4578 -190.931
2475 11.7994 -196.394
2476 5.28377 -192.476
2477 12.3391 -190.366
2478 6.68586 -182.854
2479 12.1835 -187.61
2480 5.01892 -181.149
2481 5.59877 -180.678
2482 7.06256 -193.425
2483 13.3973 -189.593
2484 9.84077 -196.014
2485 3.73304 -200.776
2486 5.69021 -181.893
2487 7.42028 -193.548
2488 8.18031 -186.2
2489 5.92974 -178.048
2490 7.58094 -183.391
2491 15.2328 -182.098
2492 7.63254 -187.462
2493 15.9866 -173.333
