0 14.717 -190.965
1 9.00373 -201.327
2 15.6883 -184.219
3 7.06796 -215.313
4 8.25156 -196.422
5 6.74311 -211.725
6 6.40749 -206.464
7 6.76065 -194.649
8 10.0115 -203.192
9 9.24364 -199.406
10 5.14256 -195.413
11 9.58153 -193.908
12 8.43152 -199.156
13 9.45546 -188.261
14 7.03078 -188.112
15 7.00762 -195.602
16 4.79103 -181.375
17 6.66641 -201.003
18 7.50151 -200.414
19 7.70774 -199.668
20 7.41839 -211.156
21 11.4849 -200.453
22 8.76648 -188.167
23 10.3931 -199.317
24 6.08466 -197.205
25 6.2111 -210.709
26 9.31119 -196.435
27 12.3259 -199.121
28 8.84542 -194.945
29 8.60432 -192.229
30 11.0644 -201.207
31 6.57629 -202.324
32 6.03898 -196.632
33 11.3687 -200.817
34 12.8365 -191.424
35 5.96007 -198.343
36 6.8484 -202.316
37 7.00262 -193.029
38 11.1551 -202.864
39 6.86537 -201.304
40 8.78165 -197.534
41 11.9168 -207.741
42 9.55935 -197.953
43 9.23754 -192.017
44 7.48671 -202.741
45 6.97854 -196.553
46 9.51016 -201.387
47 7.00071 -204.541
48 7.86915 -199.216
49 7.26711 -195.472
50 8.93037 -202.896
51 8.59767 -200.703
52 7.01912 -193.195
53 13.5883 -200.373
54 10.7469 -203.268
55 7.11189 -207.835
56 9.00334 -199.094
57 7.75487 -210.19
58 11.6077 -194.804
59 5.40329 -183.313
60 10.8712 -210.286
61 5.78561 -195.143
62 9.47909 -205.398
63 20.0564 -200.822
64 7.63174 -195.563
65 7.55671 -199.754
66 7.16876 -208.074
67 12.8696 -203.182
68 8.24082 -195.227
69 8.48596 -204.683
70 4.28605 -198.462
71 7.01147 -195.343
72 5.98844 -197.523
73 14.3544 -191.243
74 7.57029 -200.958
75 8.18508 -202.454
76 8.56369 -201.396
77 7.89281 -203.999
78 8.2466 -199.295
79 5.28856 -200.812
80 8.46595 -199.857
81 6.94793 -205.333
82 7.82753 -199.466
83 5.21489 -201.549
84 10.458 -193.496
85 5.57208 -204.23
86 9.58563 -204.556
87 6.09379 -198.801
88 4.96739 -181.308
89 5.28143 -207.222
90 6.54885 -194.079
91 11.6645 -191.158
92 11.4894 -208.047
93 6.52189 -198.697
94 8.56997 -189.894
95 8.63486 -205.117
96 8.37342 -197.39
97 6.97229 -204.633
98 9.06943 -194.132
99 9.12039 -194.471
100 8.65582 -195.235
101 7.18671 -190.184
102 6.83235 -198.515
103 7.37536 -204.027
104 7.79112 -192.877
105 7.20978 -208
106 9.11535 -211.504
107 7.24217 -194.278
108 5.37422 -217.966
109 5.40101 -187.577
110 13.7804 -195.733
111 5.67677 -190.033
112 15.8876 -192.004
113 8.06779 -200.368
114 5.82624 -177.4
115 4.91836 -206.182
116 6.98489 -199.906
117 5.77734 -203.699
118 6.35666 -195.339
119 8.31371 -204.401
120 6.50361 -196.706
121 7.59825 -202.133
122 6.2926 -199.131
123 12.0377 -196.347
124 7.61712 -194.328
125 7.29383 -195.053
126 6.95938 -199.146
127 12.2553 -195.53
128 8.61035 -202.553
129 8.15048 -206.779
130 13.1163 -179.348
131 7.29622 -197.464
132 12.0223 -200.791
133 7.67772 -206.753
134 8.14092 -209.502
135 8.36337 -206.21
136 7.03803 -190.577
137 9.34546 -201.703
138 8.61251 -201.215
139 10.5524 -200.842
140 6.74367 -210.488
141 7.29864 -200.359
142 7.02473 -190.068
143 5.56149 -201.776
144 12.3507 -199.303
145 7.44537 -199.964
146 7.60122 -212.792
147 5.42106 -196.42
148 4.54368 -185.305
149 7.74159 -206.082
150 9.00332 -201.594
151 7.64188 -190.566
152 8.49133 -209.04
153 13.8227 -196.313
154 7.25933 -197.487
155 8.72664 -208.956
156 5.14011 -196.02
157 4.69848 -187.631
158 8.47496 -203.886
159 8.22966 -182.388
160 10.2351 -198.054
161 10.902 -201.363
162 12.11 -203.42
163 11.423 -200.178
164 6.93287 -194.594
165 7.09088 -194.931
166 6.8256 -206.369
167 6.67024 -201.945
168 7.14062 -194.556
169 5.73529 -198.614
170 5.91312 -196.527
171 7.69983 -186.427
172 10.4565 -207.322
173 18.7103 -202.026
174 9.36482 -199.833
175 8.67562 -204.483
176 9.02029 -202.686
177 7.03119 -205.258
178 12.0821 -195.023
179 7.90526 -208.092
180 8.61394 -192.795
181 7.2122 -202.572
182 8.25215 -199.522
183 7.317 -201.207
184 7.23285 -199.983
185 10.7063 -200.246
186 10.2162 -202.011
187 5.39144 -201.415
188 8.7046 -206.588
189 10.6271 -199.927
190 9.03157 -199.575
191 10.4007 -194.967
192 7.05906 -200.145
193 4.73258 -186.322
194 7.68798 -203.941
195 7.37839 -197.621
196 6.43899 -191.606
197 9.19357 -206.237
198 5.41005 -196.699
199 6.92516 -185.524
200 5.30629 -196.931
201 9.2935 -200.245
202 9.05055 -201.068
203 7.89858 -203.142
204 10.8374 -196.047
205 8.23642 -199.757
206 4.63654 -181.031
207 11.259 -192.268
208 9.56675 -197.949
209 6.20734 -196.277
210 10.6075 -193.86
211 7.97562 -198.309
212 8.75498 -193.15
213 9.17201 -197.634
214 4.76699 -172.44
215 11.3933 -200.69
216 6.15954 -196.488
217 8.72196 -206.451
218 3.89815 -198.552
219 13.9189 -185.329
220 6.4466 -206.439
221 11.4002 -190.75
222 7.11591 -212.001
223 6.75539 -189.801
224 15.3515 -181.265
225 11.5091 -179.635
226 7.15062 -203.359
227 5.35117 -208.443
228 11.8602 -198.723
229 7.57074 -190.469
230 5.89663 -209.849
231 5.08702 -192.862
232 8.01017 -205.427
233 5.1433 -204.582
234 6.08725 -188.18
235 12.5628 -203.271
236 5.66757 -192.673
237 8.05525 -202.793
238 6.02276 -206.259
239 8.0984 -204.782
240 6.64223 -198.737
241 5.39334 -182.664
242 7.00073 -211.547
243 8.89909 -202.533
244 7.13245 -196.956
245 6.33945 -189.665
246 9.01089 -206.234
247 7.25541 -194.119
248 5.78617 -188.767
249 5.10461 -208.324
250 11.9183 -199.603
251 12.7249 -205.156
252 3.93289 -180.958
253 6.51804 -204.362
254 8.02569 -208.721
255 10.8986 -206.154
256 10.5362 -189.049
257 7.69097 -193.525
258 8.55771 -201.693
259 9.61469 -206.702
260 5.28479 -195.505
261 6.70941 -208.741
262 6.83684 -200.782
263 5.82843 -191.201
264 10.2001 -202.153
265 3.30462 -176.096
266 6.44103 -206.179
267 6.32064 -203.067
268 12.2876 -199.185
269 4.09575 -188.476
270 7.17701 -196.157
271 6.22452 -194.619
272 5.73852 -185.437
273 5.55379 -203.13
274 6.378 -201.629
275 7.41265 -190.791
276 14.5809 -192.601
277 3.54336 -205.667
278 6.71969 -203.895
279 3.96819 -183.928
280 10.3026 -204.704
281 12.0168 -197.27
282 6.68955 -199.12
283 9.74527 -199.032
284 5.80743 -186.317
285 4.23612 -194.045
286 6.45503 -189.906
287 6.77183 -195.29
288 4.21065 -171.054
289 4.22564 -185.371
290 6.81509 -195.414
291 6.63176 -201.513
292 4.90792 -199.836
293 5.96722 -186.387
294 8.03833 -203.629
295 19.3252 -204.972
296 7.21272 -200.205
297 7.60381 -199.405
298 11.6856 -188.259
299 6.87908 -197.096
300 6.87606 -185.094
301 14.8294 -191.652
302 5.30201 -195.779
303 10.3733 -198.531
304 6.83296 -190.852
305 14.5517 -190.016
306 16.1297 -189.277
307 15.5992 -191.14
308 9.48786 -205.949
309 5.42702 -191.369
310 8.64385 -209.1
311 7.45327 -205.89
312 6.60907 -204.804
313 9.19189 -203.425
314 5.73319 -197.644
315 8.85488 -199.118
316 8.74375 -208.38
317 8.31223 -201.618
318 14.8632 -194.732
319 13.8825 -181.75
320 7.99904 -198.901
321 9.11019 -196.178
322 9.5496 -195.536
323 9.57321 -207.153
324 4.1629 -190.482
325 8.63967 -205.799
326 9.09333 -203.275
327 13.1925 -202.561
328 7.9009 -203.925
329 5.10629 -187.539
330 9.2257 -198.904
331 6.81647 -203.176
332 7.26342 -205.836
333 9.13372 -208.179
334 8.75547 -201.45
335 8.31525 -199.174
336 7.20468 -203.45
337 6.259 -190.745
338 9.3124 -205.54
339 13.0312 -185.888
340 7.46715 -196.061
341 8.38462 -201.445
342 11.9487 -200.748
343 8.8531 -192.322
344 9.45096 -199.341
345 10.3277 -193.429
346 9.02839 -208.646
347 5.94745 -185.239
348 11.3592 -209.318
349 9.71893 -203.664
350 9.33136 -204.514
351 8.65222 -187.235
352 7.02577 -198.149
353 7.54401 -198.305
354 7.3796 -203.968
355 5.87101 -193.311
356 7.39951 -194.309
357 5.05527 -216.535
358 14.4943 -196.342
359 8.82341 -193.397
360 9.46685 -185.393
361 6.72163 -203.175
362 10.7044 -204.289
363 7.63 -203.927
364 13.339 -188.712
365 4.59474 -208.05
366 5.48988 -196.41
367 15.6421 -193.967
368 7.74666 -195.614
369 7.0475 -205.063
370 8.53421 -197.763
371 7.8857 -208.079
372 7.30691 -205.954
373 8.24602 -203.211
374 7.18306 -198.88
375 8.88442 -195.119
376 11.3342 -203.578
377 7.01219 -185.995
378 4.4799 -175.283
379 6.18748 -194.192
380 8.01921 -197.362
381 6.69248 -207.955
382 7.28573 -192.603
383 7.26196 -207.569
384 7.89085 -206.598
385 5.44316 -193.697
386 5.44716 -181.902
387 7.06537 -203.032
388 5.78372 -196.441
389 5.8755 -208.926
390 4.4075 -188.491
391 7.58983 -212.197
392 8.93646 -199.356
393 7.41376 -197.721
394 14.1842 -196.706
395 11.8656 -188.041
396 3.98846 -206.794
397 4.64561 -191.428
398 6.93156 -192.921
399 10.382 -192.843
400 5.57408 -174.532
401 6.8761 -183.995
402 11.2032 -188.974
403 8.79511 -195.723
404 8.4251 -181.567
405 11.4618 -199.426
406 4.01857 -185.869
407 7.49043 -198.758
408 10.8483 -197.335
409 7.65899 -194.609
410 5.99578 -207.099
411 7.78908 -188.218
412 7.57766 -186.373
413 6.10365 -197.993
414 8.16004 -183.208
415 11.7804 -191.884
416 13.4315 -174.004
417 8.66347 -191.524
418 10.3676 -196.431
419 8.31704 -207.351
420 8.48686 -200.92
421 5.89883 -171.492
422 9.00947 -192.692
423 9.49687 -184.588
424 5.23221 -182.695
425 4.30617 -178.095
426 5.5146 -186.476
427 11.2152 -196.736
428 6.73994 -181.734
429 11.0819 -196.994
430 8.37104 -193.91
431 9.2567 -202.668
432 4.60136 -173.48
433 6.72659 -186.11
434 8.32198 -192.86
435 4.76672 -191.512
436 7.50863 -189.463
437 6.75914 -185.953
438 6.64526 -195.56
439 8.09271 -184.257
440 6.29953 -190.709
441 9.85167 -187.899
442 4.44897 -168.842
443 11.5517 -189.842
444 12.5329 -189.514
445 7.273 -194.158
446 13.1161 -193.779
447 6.93746 -199.042
448 6.6599 -196.217
449 8.0721 -204.979
450 4.71759 -190.336
451 5.60892 -192.734
452 8.37603 -177.123
453 8.09171 -192.967
454 15.6258 -183.569
455 7.49856 -196.878
456 9.92307 -196.8
457 11.258 -190.787
458 6.52903 -192.171
459 6.66996 -198.328
460 7.76269 -202.461
461 7.326 -202.041
462 10.5449 -194.571
463 16.2723 -204.822
464 13.836 -185.828
465 9.0997 -208.692
466 7.66652 -191.609
467 6.24192 -214.063
468 8.84703 -186.008
469 6.29162 -198.529
470 5.75485 -181.276
471 5.70978 -188.718
472 8.41296 -200.891
473 13.5677 -190.475
474 6.71925 -191.033
475 10.3286 -189.943
476 8.36518 -200.45
477 7.47986 -192.39
478 12.5363 -194.392
479 10.2566 -191.959
480 8.08561 -190.553
481 7.89317 -191.625
482 7.205 -181.295
483 5.43491 -192.607
484 10.0958 -199.034
485 7.90148 -198.113
486 8.63607 -197.699
487 7.08752 -188.731
488 12.0153 -178.733
489 9.00441 -189.273
490 6.06466 -190.749
491 4.74799 -180.675
492 4.98439 -190.527
493 11.3318 -179.941
494 7.96014 -187.411
495 6.67998 -193.824
496 6.18843 -197.916
497 7.60734 -192.032
498 7.42776 -192.179
499 11.0303 -176.756
500 7.88026 -190.275
501 7.18475 -184.878
502 12.3133 -186.338
503 9.12596 -200.132
504 8.68836 -190.356
505 9.65346 -197.568
506 8.18765 -197.69
507 4.28523 -184.612
508 10.3497 -191.442
509 9.49956 -196.436
510 10.7423 -196.694
511 12.6398 -197.937
512 9.52178 -188.839
513 9.90805 -198.3
514 6.00694 -192.549
515 6.75948 -198.904
516 10.7938 -185.937
517 6.15338 -195.79
518 5.68239 -191.951
519 6.77265 -183.019
520 11.3389 -197.642
521 8.98249 -195.229
522 11.2335 -200.848
523 6.44526 -190.641
524 8.84433 -198.546
525 9.15382 -198.564
526 7.91449 -196.114
527 6.87235 -182.569
528 7.64228 -194.145
529 7.40456 -184.908
530 6.3301 -207.69
531 10.785 -200.034
532 11.8829 -171.044
533 12.8774 -185.058
534 6.49336 -194.314
535 5.58431 -193.056
536 10.1402 -199.109
537 6.2852 -200.84
538 10.0619 -195.794
539 13.2441 -191.056
540 7.18121 -208.943
541 7.4716 -192.858
542 16.3875 -189.898
543 10.7594 -187.857
544 8.77324 -192.577
545 6.02125 -197.891
546 8.3163 -200.597
547 11.5553 -192.812
548 5.23544 -185.703
549 11.5978 -184.905
550 8.74121 -194.532
551 7.1116 -203.372
552 10.8699 -189.067
553 11.2433 -187.963
554 6.85179 -192.354
555 13.3052 -191.408
556 15.2883 -175.513
557 7.17874 -207.981
558 12.166 -193.082
559 8.24302 -198.535
560 8.28747 -203.435
561 7.91985 -201.684
562 7.59939 -198.736
563 7.7548 -187.404
564 8.70921 -194.835
565 11.1696 -201.374
566 7.72852 -189.188
567 8.19697 -182.597
568 10.57 -194.274
569 12.2759 -188.229
570 11.1835 -188.052
571 8.62859 -194.401
572 9.90153 -186.254
573 10.6971 -187.616
574 4.46887 -165.546
575 6.892 -177.691
576 7.54443 -190.257
577 9.79975 -193.334
578 8.34503 -193.569
579 8.22923 -204.585
580 11.1037 -196.034
581 7.2334 -202.612
582 7.11777 -194.012
583 8.37839 -194.55
584 12.8886 -190.926
585 8.71704 -191.635
586 9.41182 -198.495
587 7.65702 -196.976
588 5.87967 -184.117
589 10.4351 -185.984
590 8.41946 -183.734
591 7.41523 -187.432
592 9.31106 -200.682
593 12.9697 -199.389
594 7.30566 -190.727
595 8.27103 -205.331
596 6.13624 -181.082
597 10.7866 -189.971
598 4.25282 -169.681
599 9.20004 -191.719
600 9.83138 -187.958
601 10.8586 -177.044
602 6.8381 -193.044
603 5.46031 -176.701
604 12.2061 -197.519
605 6.86489 -192.945
606 7.6437 -190.666
607 6.82976 -204.306
608 10.8572 -183.406
609 9.24133 -187.74
610 9.24029 -201.371
611 4.72152 -184.261
612 4.69089 -181.507
613 7.63815 -194.807
614 5.34547 -176.208
615 5.51138 -183.577
616 8.03637 -204.362
617 12.17 -193.545
618 8.1353 -194.02
619 9.03142 -198.994
620 7.52466 -186.886
621 10.5021 -200.8
622 6.60305 -195.677
623 9.19597 -192.601
624 6.70687 -185.56
625 7.67603 -190.619
626 10.0397 -195.843
627 5.98159 -211.987
628 9.9058 -202.871
629 7.06916 -200.825
630 6.56269 -180.076
631 11.0536 -186.665
632 7.86574 -195.295
633 4.06839 -177.154
634 11.3264 -191.463
635 19.337 -186.911
636 6.1989 -200.275
637 7.80395 -196.607
638 11.6674 -193.621
639 10.0632 -198.69
640 9.98208 -195.263
641 14.2011 -182.694
642 9.02048 -199.125
643 13.4299 -182.874
644 6.97187 -198.164
645 13.4489 -177.761
646 7.50116 -186.999
647 5.6787 -186.124
648 8.18415 -192.317
649 6.89071 -187.82
650 7.55368 -197.319
651 13.1626 -182.525
652 6.57452 -209.867
653 7.7008 -191.181
654 10.323 -195.878
655 10.2711 -187.492
656 14.4587 -187.256
657 7.96151 -195.354
658 7.93975 -195.64
659 6.38713 -199.309
660 12.1485 -182.774
661 11.517 -191.354
662 6.73969 -189.797
663 7.08474 -188.83
664 7.16547 -189.912
665 11.3127 -198.933
666 13.9331 -187.668
667 7.04901 -195.093
668 8.46424 -189.036
669 9.66633 -188.424
670 7.67409 -187.574
671 6.55427 -191.9
672 8.41688 -197.29
673 8.54929 -198.573
674 10.7236 -197.197
675 4.70921 -198.337
676 4.88971 -167.751
677 6.27705 -185.858
678 4.75015 -176.19
679 6.17934 -189.156
680 9.50276 -196.275
681 17.796 -197.469
682 13.92 -189.469
683 8.687 -196.609
684 13.5524 -190.309
685 6.39881 -184.062
686 6.84427 -184.961
687 4.75567 -189.119
688 7.11159 -192.268
689 15.0933 -192.968
690 7.10579 -194.371
691 8.5122 -197.65
692 7.47805 -185.588
693 5.33888 -172.012
694 7.23599 -188.171
695 8.27765 -185.016
696 7.19495 -196.984
697 14.6473 -181.953
698 6.50795 -191.019
699 9.21084 -190.398
700 6.34288 -180.965
701 7.03191 -182.373
702 15.9908 -182.956
703 3.67933 -199.363
704 3.63063 -176.497
705 7.10563 -193.745
706 7.96876 -194.227
707 7.15107 -191.773
708 8.55884 -192.299
709 9.40404 -188.02
710 7.89515 -193.737
711 7.31275 -189.885
712 7.21028 -194.797
713 5.72272 -196.654
714 5.61186 -198.737
715 10.6086 -191.808
716 6.93095 -195.488
717 7.23787 -197.501
718 11.3502 -194.325
719 10.2468 -197.62
720 6.81747 -183.335
721 10.4405 -187.27
722 4.90515 -201.539
723 7.45882 -188.865
724 5.43039 -194.383
725 11.3435 -170.056
726 7.1055 -187.061
727 14.0599 -189.051
728 13.577 -191.854
729 15.5983 -181.376
730 6.29829 -202.14
731 9.98032 -192.137
732 10.8989 -177.975
733 5.82915 -199.944
734 6.47053 -197.222
735 8.38082 -190.669
736 13.2032 -180.459
737 8.61236 -201.914
738 6.53705 -190.776
739 6.62051 -185.022
740 9.36 -191.077
741 6.50687 -189.17
742 7.68701 -198.728
743 11.1339 -193.41
744 8.20795 -195.296
745 7.90659 -187.704
746 6.413 -191.597
747 7.25761 -189.026
748 7.22944 -200.914
749 9.42345 -187.714
750 9.75612 -202.116
751 12.8651 -188.902
752 5.24664 -191.941
753 6.15341 -193.492
754 12.3553 -185.561
755 7.20112 -190.886
756 9.27789 -198.514
757 6.73409 -200.919
758 6.22299 -185.01
759 6.3087 -195.543
760 6.62863 -197.317
761 8.76859 -197.774
762 5.74802 -190.118
763 4.72454 -177.444
764 6.69339 -194.688
765 9.49109 -187.774
766 8.11131 -198.976
767 7.07532 -181.115
768 6.75849 -195.058
769 6.57305 -188.402
770 11.0692 -192.688
771 10.8896 -195.212
772 5.82302 -189.602
773 7.17365 -197.11
774 8.99226 -198.43
775 3.91836 -184.783
776 6.65709 -191.862
777 5.35341 -186.087
778 5.16252 -193.399
779 7.97454 -195.345
780 13.3088 -177.744
781 6.78848 -188.861
782 6.01714 -193.442
783 5.42656 -170.936
784 8.2388 -194.091
785 7.03791 -176.767
786 6.39345 -198.387
787 7.32273 -191.619
788 12.4767 -192.947
789 6.44857 -196.374
790 6.74762 -169.67
791 11.9111 -195.223
792 8.38608 -200.68
793 12.2309 -195.909
794 7.24497 -185.876
795 6.9546 -185.058
796 9.4994 -193.996
797 6.08527 -189.667
798 6.63542 -198.267
799 12.5861 -190.955
800 6.95053 -198.711
801 7.32639 -194.29
802 7.25491 -178.566
803 5.33869 -198.245
804 7.45188 -191.817
805 3.84035 -178.813
806 7.57361 -196.407
807 10.0955 -178.272
808 6.93035 -188.116
809 6.56846 -189.976
810 6.45076 -192.946
811 7.36339 -191.786
812 6.9553 -194.187
813 7.94598 -197.157
814 4.72244 -179.063
815 7.24871 -188.704
816 8.17597 -194.171
817 8.59329 -200.431
818 6.80068 -193.905
819 6.83691 -182.935
820 5.98067 -192.925
821 7.64209 -191.87
822 8.20973 -194.809
823 8.2313 -201.558
824 6.9284 -192.287
825 8.17792 -194.013
826 9.04747 -197.992
827 7.5135 -197.399
828 10.7239 -192.13
829 6.25204 -205.988
830 6.90427 -187.599
831 7.05347 -186.053
832 5.4519 -185.084
833 3.34046 -179.613
834 8.43189 -187.422
835 12.4056 -178.444
836 12.5618 -178.457
837 11.8339 -191.07
838 9.77796 -181.769
839 10.2638 -187.808
840 7.92479 -189.024
841 6.05909 -178.222
842 11.1945 -194.595
843 8.09735 -183.916
844 9.91952 -193.977
845 5.92723 -185.112
846 7.51022 -186.39
847 8.62519 -186.699
848 6.4578 -190.976
849 11.472 -192.593
850 8.33716 -194.168
851 5.3667 -178.491
852 8.02146 -191.767
853 4.46441 -176.123
854 7.26071 -187.198
855 6.77423 -200.076
856 6.51616 -198.312
857 6.63243 -205.472
858 6.4943 -208.384
859 5.55612 -199.112
860 7.96156 -207.619
861 12.0277 -197.4
862 7.19956 -196.074
863 9.49245 -206.915
864 9.09569 -207.505
865 18.3862 -208.431
866 7.54591 -201.366
867 7.81466 -208.001
868 5.32937 -216.593
869 9.71809 -202.613
870 4.87446 -202.398
871 7.4263 -203.145
872 8.216 -195.415
873 6.72277 -186.417
874 6.71293 -201.004
875 6.26578 -200.373
876 7.44675 -202.774
877 5.86447 -191.92
878 9.32238 -202.24
879 5.22057 -206.994
880 10.7057 -191.695
881 8.36296 -204.237
882 6.78944 -179.508
883 4.87601 -187.337
884 8.99454 -197.528
885 5.15115 -194.371
886 10.2751 -194.329
887 7.16114 -205.101
888 6.96943 -204.708
889 8.8691 -207.915
890 6.72502 -206.04
891 7.07882 -213.887
892 10.8812 -202.041
893 7.15611 -199.981
894 5.24082 -201.421
895 5.51725 -195.054
896 10.3313 -201.211
897 8.75965 -205.226
898 4.95587 -192.019
899 11.5983 -197.59
900 7.97346 -199.148
901 8.3373 -193.612
902 11.5383 -208.24
903 5.98243 -184.451
904 6.76929 -198.586
905 8.89447 -198.536
906 6.55549 -206.908
907 7.70757 -198.123
908 5.11531 -219.828
909 5.86234 -201.741
910 9.07636 -204.797
911 6.69265 -205.808
912 5.96167 -203.039
913 9.4257 -197.192
914 9.00947 -199.182
915 9.54671 -199.462
916 10.5647 -206.432
917 7.20002 -204.999
918 9.4418 -202.159
919 10.8033 -192.868
920 7.85947 -212.808
921 7.35568 -201.248
922 9.18602 -205.415
923 8.55959 -196.048
924 4.73831 -183.047
925 6.67971 -180.741
926 15.8668 -188.726
927 9.54484 -195.27
928 5.16104 -195.428
929 10.573 -196.831
930 8.2966 -210.22
931 8.2844 -205.846
932 9.76455 -205.544
933 7.9661 -196.542
934 6.62641 -192.158
935 6.10678 -196.365
936 5.81055 -199.215
937 15.3054 -184.523
938 7.97828 -203.645
939 13.3913 -190.988
940 7.48314 -190.301
941 8.44646 -206.371
942 6.00016 -191.826
943 14.9879 -200.212
944 8.77498 -211.349
945 7.83912 -216.759
946 4.76764 -196.47
947 5.66712 -201.901
948 4.35143 -188.402
949 11.3283 -201.301
950 5.61406 -180.381
951 6.30915 -187.722
952 8.34644 -198.308
953 6.20959 -200.072
954 7.6352 -202.304
955 7.23303 -207.227
956 10.9265 -195.277
957 6.11075 -183.452
958 5.86479 -189.33
959 6.61187 -198.319
960 5.93293 -196.131
961 6.37609 -203.045
962 6.20016 -190.818
963 8.85435 -201.851
964 9.14502 -197.876
965 5.15625 -196.983
966 6.94671 -207.424
967 6.58198 -190.706
968 4.8861 -188.374
969 6.88209 -200.551
970 11.6668 -196.782
971 9.36017 -201.979
972 6.64036 -206.034
973 4.6624 -188.071
974 8.76608 -209.479
975 6.99149 -205.736
976 5.74939 -182.07
977 6.79846 -201.246
978 9.70098 -207.589
979 6.62254 -202.942
980 7.05953 -201.214
981 6.67851 -208.571
982 3.61907 -166.392
983 6.77185 -203.84
984 7.21668 -200.291
985 5.95479 -211.144
986 11.994 -200.715
987 7.85231 -194.553
988 8.59402 -198.243
989 10.3571 -209.979
990 10.0677 -203.122
991 7.39043 -205.073
992 7.70705 -201.49
993 6.90907 -200.126
994 11.9407 -200.554
995 8.85395 -196.679
996 8.39922 -206.141
997 7.36401 -192.771
998 6.56051 -202.267
999 6.73672 -189.122
1000 5.69755 -202.582
1001 8.49241 -191.247
1002 11.4989 -199.604
1003 6.74579 -198.918
1004 6.70694 -188.831
1005 12.935 -194.998
1006 9.45705 -197.402
1007 11.4405 -187.866
1008 6.22929 -203.186
1009 6.35409 -212.338
1010 11.8032 -201.466
1011 3.19294 -185.608
1012 5.82212 -200.42
1013 6.35466 -196.966
1014 6.74859 -194.024
1015 9.93875 -211.049
1016 12.7224 -202.658
1017 8.94563 -200.306
1018 6.54384 -196.171
1019 5.365 -204.997
1020 7.67876 -202.493
1021 7.8591 -199.635
1022 9.3277 -206.913
1023 11.5445 -198.831
1024 8.43056 -198.932
1025 3.96676 -179.613
1026 7.68962 -197.851
1027 6.04984 -203.276
1028 12.0003 -175.354
1029 4.3957 -192.062
1030 6.96637 -195.148
1031 10.3367 -201.46
1032 15.2606 -191.321
1033 9.45461 -209.351
1034 7.1875 -201.097
1035 7.21407 -200.684
1036 4.20739 -191.397
1037 4.19009 -195.092
1038 10.9572 -196.924
1039 5.07285 -205.173
1040 4.79099 -186.325
1041 11.4463 -199.201
1042 6.08458 -189.575
1043 8.3754 -198.531
1044 8.72862 -197.994
1045 8.94044 -194.16
1046 4.87668 -178.794
1047 11.1787 -199.263
1048 10.3748 -213.108
1049 9.16774 -196.021
1050 11.5734 -190.32
1051 4.4383 -197.414
1052 5.97525 -185.612
1053 6.04798 -204.383
1054 7.08687 -198.024
1055 5.91042 -187.84
1056 10.4672 -203.137
1057 7.82173 -198.645
1058 6.44626 -200.633
1059 6.9531 -195.631
1060 10.4071 -196.462
1061 15.2103 -191.303
1062 10.7916 -208.304
1063 8.37603 -204.316
1064 12.2108 -201.171
1065 9.36211 -194.988
1066 7.23963 -198.993
1067 4.58265 -189.22
1068 9.90753 -192.715
1069 6.94254 -216.65
1070 6.3704 -210.921
1071 8.8453 -206.527
1072 9.01726 -200.941
1073 8.95113 -204.995
1074 6.66529 -196.683
1075 10.9985 -198.051
1076 7.05034 -204.009
1077 6.41578 -184.855
1078 11.1281 -200.297
1079 7.46425 -196.268
1080 7.28046 -201.464
1081 4.9462 -211.619
1082 5.67155 -202.097
1083 6.84936 -196.167
1084 6.91765 -207.948
1085 8.45659 -194.819
1086 16.4758 -202.356
1087 7.11978 -192.678
1088 4.28668 -196.815
1089 14.2407 -193.971
1090 10.1297 -196.811
1091 10.727 -192.835
1092 10.7917 -204.354
1093 6.32429 -188.984
1094 6.71687 -201.522
1095 10.9772 -202.924
1096 12.568 -196.463
1097 8.38518 -200.987
1098 9.64923 -192.41
1099 10.4694 -202.696
1100 6.89202 -196.477
1101 15.8396 -188.569
1102 8.4082 -193.602
1103 7.56318 -197.139
1104 8.93989 -196.164
1105 7.01815 -202.684
1106 7.28063 -193.624
1107 6.76215 -196.761
1108 6.25581 -198.995
1109 7.54554 -191.017
1110 8.18221 -203.077
1111 9.50961 -205.306
1112 5.43748 -179.457
1113 8.93486 -189.76
1114 7.68972 -210.16
1115 5.38031 -182.71
1116 6.96587 -201.414
1117 4.80617 -191.786
1118 12.8596 -197.14
1119 4.45214 -185.124
1120 8.05235 -203.974
1121 6.37873 -197.57
1122 14.2938 -192.365
1123 13.7558 -188.65
1124 15.3102 -193.619
1125 15.8469 -188.515
1126 7.57885 -191.728
1127 7.04376 -201.742
1128 12.0537 -201.769
1129 6.91477 -205.373
1130 5.87565 -205.782
1131 5.19818 -198.983
1132 8.60932 -210.034
1133 8.65274 -201.795
1134 17.53 -187.399
1135 10.8187 -204.32
1136 7.58948 -195.072
1137 13.9331 -193
1138 19.4561 -211.103
1139 6.41441 -198.985
1140 8.70269 -200.548
1141 6.75073 -206.27
1142 5.28778 -193.522
1143 4.05357 -163.862
1144 12.3632 -185.536
1145 12.1023 -198.825
1146 7.21191 -198.504
1147 7.93721 -193.54
1148 4.03801 -190.046
1149 11.6315 -204.362
1150 10.7104 -196.815
1151 7.75198 -196.807
1152 5.13909 -186.575
1153 7.5064 -191.7
1154 6.80175 -203.467
1155 6.05716 -193.764
1156 10.546 -199.51
1157 7.73247 -202.675
1158 8.63398 -207.41
1159 7.61744 -197.788
1160 7.4166 -207.602
1161 9.97392 -197.493
1162 8.42268 -206.068
1163 7.02824 -189.043
1164 5.00331 -192.943
1165 8.53791 -195.262
1166 6.28068 -204.268
1167 8.90128 -197.576
1168 4.32676 -193.125
1169 8.24197 -198.647
1170 6.68864 -207.239
1171 5.17522 -181.119
1172 6.67992 -194.412
1173 13.1665 -197.71
1174 6.91743 -213.871
1175 6.30099 -199.926
1176 10.6262 -196.364
1177 6.42235 -196.046
1178 10.3923 -204.754
1179 9.67951 -196.597
1180 8.38917 -201.563
1181 10.9374 -199.871
1182 8.84843 -204.567
1183 8.13686 -193.243
1184 9.3705 -194.848
1185 5.78887 -188.267
1186 6.40051 -198.051
1187 9.25065 -202.083
1188 9.55492 -197.869
1189 11.0123 -201.298
1190 8.19145 -202.901
1191 8.53201 -198.867
1192 8.16053 -197.969
1193 11.9971 -201.064
1194 13.3023 -201.093
1195 8.17429 -195.64
1196 7.6243 -171.995
1197 13.9939 -194.368
1198 9.12104 -202.007
1199 6.57306 -178.525
1200 7.90781 -201.42
1201 16.552 -186.361
1202 8.71839 -188.097
1203 10.0387 -199.382
1204 4.17292 -198.043
1205 7.36717 -200.94
1206 7.15529 -197.409
1207 12.7543 -195.679
1208 9.65985 -202.381
1209 10.59 -185.834
1210 7.22643 -186.224
1211 4.13873 -210.251
1212 4.76643 -213.454
1213 6.21751 -185.028
1214 7.50337 -195.423
1215 6.24381 -200.073
1216 6.85297 -201.479
1217 14.725 -181.593
1218 5.7474 -193.828
1219 5.41042 -209.986
1220 9.35527 -190.728
1221 7.77736 -212.594
1222 10.4196 -196.666
1223 5.19477 -197.734
1224 11.3254 -201.466
1225 6.73054 -202.525
1226 10.6707 -206.614
1227 5.50908 -204.006
1228 8.30908 -204.334
1229 5.06032 -193.995
1230 7.29476 -195.725
1231 6.56815 -204.774
1232 11.0485 -191.333
1233 7.82234 -198.566
1234 9.50423 -200.692
1235 4.30125 -185.172
1236 6.56881 -211.986
1237 10.1951 -201.446
1238 8.76136 -204.563
1239 7.76637 -205.614
1240 10.6921 -198.401
1241 6.95047 -203.207
1242 7.17401 -199.026
1243 8.1692 -198.754
1244 15.9249 -178.528
1245 7.83377 -196.392
1246 14.7695 -180.197
1247 13.6727 -190.797
1248 6.71844 -192.47
1249 8.47156 -195.153
1250 6.19968 -201.028
1251 8.63628 -199.73
1252 8.55694 -210.301
1253 6.71417 -192.018
1254 8.65484 -202.453
1255 8.16931 -196.936
1256 9.24402 -206.605
1257 7.38406 -188.939
1258 9.07139 -206.506
1259 13.0863 -180.78
1260 8.77317 -200.134
1261 8.86463 -203.296
1262 12.1225 -194.112
1263 8.96733 -202.904
1264 8.05161 -197.072
1265 8.08584 -202.743
1266 7.09327 -202.994
1267 7.65653 -201.694
1268 6.13796 -197.606
1269 8.30937 -194.834
1270 7.25076 -196.941
1271 7.98561 -202.177
1272 7.39254 -206.29
1273 4.94765 -191.311
1274 8.55959 -197.371
1275 6.70351 -199.167
1276 6.56218 -202.328
1277 6.58331 -200.473
1278 6.27794 -199.973
1279 5.38133 -185.372
1280 8.49046 -205.064
1281 7.21174 -191.992
1282 8.85441 -205.483
1283 6.69595 -190.327
1284 5.13019 -190.767
1285 10.8598 -201.769
1286 5.38769 -187.298
1287 11.8084 -191.597
1288 14.7131 -188.548
1289 5.8183 -200.212
1290 7.69896 -193.575
1291 15.9136 -190.146
1292 4.68474 -207.631
1293 8.31003 -194.955
1294 7.09343 -192.207
1295 5.95235 -200.858
1296 3.63403 -186.317
1297 5.76935 -207.75
1298 5.65922 -196.411
1299 6.66897 -209.336
1300 8.61021 -194.895
1301 6.24862 -212.726
1302 8.45629 -206.283
1303 4.71901 -192.6
1304 12.5488 -190.961
1305 7.05916 -192.221
1306 3.05659 -195.408
1307 9.09095 -204.246
1308 9.71079 -181.365
1309 8.26645 -206.345
1310 7.26995 -192.733
1311 6.92733 -197.653
1312 6.62883 -195.29
1313 9.72696 -199.759
1314 8.10396 -197.033
1315 8.63403 -203.058
1316 6.49873 -192.61
1317 5.55822 -191.365
1318 11.1672 -196.571
1319 7.34354 -199.953
1320 14.553 -191.982
1321 8.82187 -203.724
1322 9.35703 -205.6
1323 3.43992 -195.572
1324 4.82671 -185.069
1325 10.7381 -197.761
1326 4.18912 -176.102
1327 8.90257 -191.727
1328 5.75342 -186.432
1329 4.10455 -169.036
1330 7.99185 -200.887
1331 9.12883 -208.849
1332 7.03851 -200.692
1333 9.93168 -197.93
1334 7.70178 -206.107
1335 10.7659 -204.291
1336 7.29188 -204.212
1337 15.1141 -192.19
1338 5.30602 -202.057
1339 8.93346 -192.632
1340 6.31589 -200.706
1341 5.5677 -191.487
1342 6.67011 -199.915
1343 8.14169 -210.214
1344 7.70134 -202.091
1345 7.38575 -204.36
1346 5.63227 -193.155
1347 4.97643 -204.002
1348 8.88538 -204.62
1349 6.52802 -195.534
1350 7.96304 -209.153
1351 9.35773 -193.258
1352 7.08183 -191.044
1353 8.92452 -205.539
1354 8.75375 -195.217
1355 9.27824 -205.495
1356 7.34718 -197.28
1357 8.41365 -201.07
1358 7.08975 -208.333
1359 6.0575 -208.804
1360 3.40558 -213.964
1361 12.4521 -194.193
1362 6.55264 -196.122
1363 7.77634 -204.589
1364 4.00178 -175.909
1365 5.71056 -188.849
1366 10.3846 -193.249
1367 6.13507 -191.335
1368 12.5586 -197.245
1369 7.68001 -190.063
1370 8.54982 -205.245
1371 6.11188 -199.7
1372 9.4607 -205.301
1373 8.09384 -200.981
1374 10.9359 -208.442
1375 13.8759 -195.907
1376 6.16721 -198.91
1377 6.96353 -191.288
1378 8.61078 -209.414
1379 6.79065 -190.844
1380 8.49637 -201.269
1381 9.57133 -201.397
1382 5.85156 -194.249
1383 8.91963 -200.056
1384 6.07911 -192.499
1385 5.2446 -196.221
1386 7.30928 -194.821
1387 8.68553 -201.307
1388 6.92365 -202.93
1389 7.7658 -203.146
1390 6.26362 -187.19
1391 14.3388 -196.883
1392 7.04513 -201
1393 8.30013 -199.36
1394 8.89545 -200.979
1395 8.38118 -210.533
1396 8.45205 -197.188
1397 9.42491 -197.518
1398 12.1895 -181.442
1399 13.7771 -186.966
1400 5.57209 -196.6
1401 4.51983 -192.573
1402 7.73975 -188.875
1403 7.04008 -199.514
1404 6.38219 -212.953
1405 8.75299 -204.544
1406 8.70734 -199.571
1407 5.13356 -217.713
1408 10.4417 -201.171
1409 8.6426 -199.643
1410 10.3089 -197.161
1411 8.89864 -199.264
1412 13.504 -195.752
1413 10.3963 -195.296
1414 10.4529 -203.472
1415 8.29106 -202.762
1416 8.44435 -200.803
1417 9.08979 -207.179
1418 4.76156 -212.647
1419 7.29252 -193.085
1420 10.3496 -196.921
1421 6.58445 -192.097
1422 10.272 -202.55
1423 9.04721 -200.765
1424 10.1184 -202.809
1425 5.75424 -200.603
1426 7.79752 -197.937
1427 11.2449 -201.838
1428 7.25427 -198.158
1429 5.40131 -191.801
1430 6.72683 -198.695
1431 7.98665 -199.31
1432 10.5843 -202.779
1433 7.67517 -201.439
1434 11.975 -189.85
1435 8.19587 -191.79
1436 5.93261 -199.181
1437 6.54689 -198.173
1438 12.4232 -199.439
1439 9.33939 -209.412
1440 11.1729 -186.434
1441 5.43661 -209.557
1442 11.7628 -190.042
1443 8.06652 -191.784
1444 9.34055 -192.832
1445 12.8677 -186.863
1446 7.52716 -195.1
1447 13.5792 -187.332
1448 7.02993 -193.876
1449 8.71278 -193.307
1450 11.3281 -195.945
1451 8.10993 -196.481
1452 7.0649 -197.817
1453 8.0919 -197.182
1454 7.50921 -195.483
1455 7.51603 -192.524
1456 6.48855 -191.504
1457 7.79948 -187.335
1458 7.98639 -189.973
1459 7.9284 -200.648
1460 7.25229 -189.517
1461 6.56579 -185.305
1462 14.4689 -172.102
1463 10.9785 -194.703
1464 10.9027 -201.797
1465 6.2741 -189.808
1466 5.08294 -174.419
1467 12.9889 -192.379
1468 9.67092 -191.816
1469 11.1236 -194.746
1470 8.65293 -188.887
1471 13.3823 -182.568
1472 7.35537 -182.66
1473 4.98775 -193.173
1474 12.2801 -183.404
1475 7.06611 -193.961
1476 9.94031 -192.337
1477 7.96058 -188.697
1478 5.87383 -194.524
1479 8.77812 -198.083
1480 10.6212 -192.13
1481 6.48124 -186.104
1482 8.09509 -201.59
1483 3.65053 -161.622
1484 7.87097 -198.267
1485 6.75865 -192.095
1486 7.0582 -203.334
1487 6.6751 -205.091
1488 7.77123 -190.434
1489 10.9753 -193.028
1490 5.72892 -180.299
1491 4.73731 -174.064
1492 8.61587 -182.131
1493 8.25117 -188.641
1494 6.36024 -202.741
1495 6.81546 -188.881
1496 5.75661 -188.929
1497 4.88478 -174.039
1498 5.93668 -193.594
1499 7.65005 -192.634
1500 6.5866 -191.804
1501 6.44951 -193.445
1502 7.5135 -185.845
1503 8.80139 -193.049
1504 8.04237 -196.605
1505 6.3802 -204.407
1506 8.70418 -187.671
1507 9.20753 -202.336
1508 4.49993 -189.321
1509 12.5247 -184.527
1510 5.30206 -192.871
1511 8.58962 -191.068
1512 8.46618 -202.777
1513 8.98815 -200.425
1514 6.18147 -198.665
1515 7.31536 -200.476
1516 3.72478 -186.131
1517 8.0131 -189.41
1518 13.1818 -189.468
1519 7.0646 -199.107
1520 10.3339 -197.892
1521 6.50913 -200.747
1522 8.65192 -196.057
1523 12.5808 -175.565
1524 7.82509 -190.65
1525 9.63063 -185.653
1526 10.1854 -185.631
1527 5.89284 -186.673
1528 7.74595 -196.991
1529 7.4807 -194.451
1530 7.0384 -188.241
1531 9.17564 -193.833
1532 6.14965 -187.107
1533 7.96471 -190.731
1534 8.28928 -203.824
1535 11.9323 -194.364
1536 6.61353 -181.931
1537 6.47928 -193.216
1538 8.69014 -196.108
1539 6.1213 -198.863
1540 6.67793 -187.122
1541 8.55503 -190.94
1542 5.25497 -177.307
1543 7.69202 -192.88
1544 7.64295 -199.862
1545 6.37258 -192.267
1546 11.5822 -190.436
1547 5.76572 -168.773
1548 9.60284 -197.93
1549 8.9077 -190.878
1550 8.98754 -189.912
1551 11.4219 -187.754
1552 4.60325 -183.179
1553 6.78949 -193.674
1554 6.74704 -188.382
1555 6.39535 -180.251
1556 8.58238 -189.396
1557 9.81892 -189.759
1558 23.9419 -205.064
1559 9.00525 -189.014
1560 8.29506 -186.326
1561 7.43022 -205.931
1562 10.4606 -189.845
1563 6.55775 -184.741
1564 4.20954 -183.189
1565 7.22884 -201.659
1566 10.7624 -193.151
1567 5.47163 -198.097
1568 9.27145 -200.581
1569 7.7229 -189.732
1570 7.1343 -188.87
1571 13.2273 -189.082
1572 15.6647 -178.065
1573 7.99613 -196.115
1574 6.82235 -192.473
1575 5.28549 -201.124
1576 9.54864 -200.118
1577 4.95272 -182.899
1578 10.5565 -190.005
1579 5.30379 -187.271
1580 7.0458 -191.265
1581 6.84343 -196.062
1582 6.21106 -189.31
1583 4.28045 -178.879
1584 4.14647 -185.221
1585 10.1051 -192.286
1586 8.03507 -188.638
1587 6.05234 -195.89
1588 7.23312 -185.805
1589 8.22206 -201.248
1590 6.33367 -209.062
1591 7.94597 -184.365
1592 12.4678 -188.93
1593 6.12085 -193.103
1594 7.64043 -195.503
1595 8.68479 -193.959
1596 7.26054 -188.003
1597 7.62296 -191.681
1598 7.5112 -185.807
1599 6.34714 -199.042
1600 7.57952 -193.167
1601 6.6031 -189.369
1602 5.13314 -211.168
1603 13.7282 -189.363
1604 6.50211 -195.289
1605 4.9868 -188.951
1606 9.57313 -190.485
1607 8.5806 -195.685
1608 15.1686 -174.674
1609 4.21996 -184.746
1610 7.16792 -189.742
1611 5.00617 -198.088
1612 7.68713 -197.863
1613 9.26012 -190.701
1614 9.32605 -187.508
1615 12.8387 -185.7
1616 11.8347 -195.171
1617 4.97929 -183.193
1618 4.3837 -190.014
1619 9.79292 -201.39
1620 14.6052 -177.654
1621 5.96075 -187.941
1622 7.69243 -186.434
1623 6.05283 -182.425
1624 7.97911 -192.161
1625 8.37212 -192.372
1626 7.95815 -194.994
1627 10.2666 -188.792
1628 12.4602 -185.401
1629 6.60759 -189.407
1630 11.3083 -185.757
1631 8.08057 -190.612
1632 11.6488 -196.164
1633 11.2678 -192.574
1634 10.5336 -199.489
1635 6.69584 -189.841
1636 10.0097 -190.894
1637 4.59579 -184.835
1638 5.70859 -182.343
1639 7.86544 -193.82
1640 8.30279 -192.681
1641 7.69907 -184.82
1642 8.4123 -192.333
1643 10.5073 -190.842
1644 15.3618 -182.437
1645 10.6031 -195.917
1646 7.85553 -182.887
1647 13.157 -183.41
1648 8.73965 -194.646
1649 6.76788 -191.943
1650 9.24652 -200.042
1651 11.7732 -174.924
1652 13.2725 -183.048
1653 13.3594 -185.145
1654 3.80789 -187.8
1655 8.11593 -194.018
1656 11.3918 -190.589
1657 8.55109 -187.949
1658 7.80979 -188.764
1659 6.31326 -187.685
1660 8.54402 -199.513
1661 6.3688 -189.043
1662 7.46908 -200.208
1663 8.31637 -189.445
1664 5.7877 -170.774
1665 6.74059 -197.779
1666 6.88383 -185.839
1667 6.99357 -196.671
1668 9.88882 -186.828
1669 6.24304 -195.182
1670 7.44067 -198.228
1671 6.06082 -195.552
1672 5.61268 -189.195
1673 10.6752 -197.317
1674 7.78492 -193.481
1675 7.39681 -188.086
1676 3.77744 -164.084
1677 12.9616 -168.911
1678 8.88083 -192.646
1679 11.3802 -196.628
1680 7.96657 -195.035
1681 7.42722 -186.085
1682 8.33747 -187.076
1683 5.51304 -178.474
1684 8.40919 -201.849
1685 4.76702 -197.311
1686 5.37105 -192.502
1687 8.43918 -184.595
1688 8.60037 -203.986
1689 13.9229 -180.184
1690 7.29032 -198.926
1691 8.98048 -197.855
1692 9.37905 -193.348
1693 6.27309 -185.969
1694 7.17169 -196.899
1695 8.16141 -196.082
1696 6.66896 -198.987
1697 5.71563 -188.753
1698 7.6762 -196.101
1699 8.81717 -194.99
1700 3.42162 -182.956
1701 8.43727 -195.328
1702 14.6841 -193.61
1703 8.62007 -196.921
1704 8.57433 -195.52
1705 7.73438 -195.34
1706 7.19049 -193.768
1707 10.9137 -189.107
1708 3.48082 -190.408
1709 9.42718 -204.292
1710 7.13674 -208.725
1711 7.33631 -202.605
1712 8.03883 -187.912
1713 9.6846 -187.289
1714 7.17609 -203.311
1715 13.6434 -188.678
1716 9.08361 -203.731
1717 9.70387 -190.173
1718 7.95001 -206.403
1719 8.66195 -197.031
1720 4.80298 -178.218
1721 3.90498 -212.874
1722 12.5513 -200.606
1723 11.4754 -197.376
1724 7.67721 -205.905
1725 7.35827 -196.473
1726 10.7902 -207.207
1727 5.75429 -194.761
1728 14.6907 -195.887
1729 8.30146 -196.77
1730 10.2961 -202.21
1731 15.0273 -192.7
1732 7.13047 -204.755
1733 6.23414 -199.786
1734 11.6386 -205.63
1735 9.63925 -193.958
1736 4.44293 -195.018
1737 7.56316 -194.257
1738 6.78815 -193.885
1739 9.4218 -208.786
1740 14.8591 -183.123
1741 7.94194 -193.127
1742 9.04669 -205.796
1743 7.00437 -199.264
1744 10.7 -206.076
1745 7.70943 -202.612
1746 9.63091 -205.577
1747 8.0146 -196.698
1748 10.1275 -207.165
1749 7.02479 -192.036
1750 8.80856 -203.19
1751 9.04939 -206.099
1752 6.49155 -196.766
1753 9.02574 -201.637
1754 7.78507 -200.798
1755 6.87088 -199.565
1756 6.27571 -179.605
1757 12.3455 -202.921
1758 11.1778 -207.512
1759 9.36974 -198.938
1760 8.86837 -203.896
1761 14.2834 -194.314
1762 4.7193 -199.077
1763 7.18205 -200.819
1764 8.65358 -200.472
1765 7.98023 -202.437
1766 15.9679 -189.704
1767 8.17356 -206.726
1768 7.18719 -201.307
1769 10.0716 -205.985
1770 8.99279 -209.249
1771 8.38361 -197.564
1772 8.2105 -206.259
1773 14.6289 -191.166
1774 8.58123 -205.441
1775 10.8704 -204.302
1776 7.79493 -190.911
1777 7.48731 -193.939
1778 9.24094 -198.915
1779 7.55436 -195.465
1780 4.4759 -193.151
1781 6.33205 -199.718
1782 9.62046 -198.247
1783 4.65559 -189.918
1784 6.04674 -187.051
1785 7.76651 -205.196
1786 7.17872 -203.593
1787 12.0868 -202.325
1788 9.35221 -194.626
1789 4.66985 -184.359
1790 9.42411 -190.022
1791 6.42253 -192.327
1792 10.9333 -206.889
1793 8.66872 -204.305
1794 6.16893 -190.347
1795 6.98134 -204.817
1796 10.5456 -198.537
1797 6.47776 -190.283
1798 8.37043 -200.553
1799 5.04414 -200.697
1800 15.3368 -192.395
1801 7.09425 -200.287
1802 7.42059 -203.861
1803 8.23553 -204.696
1804 15.317 -188.724
1805 10.6973 -189.842
1806 5.89487 -186.731
1807 9.4123 -197.496
1808 4.24377 -185.407
1809 7.69163 -200.467
1810 5.18802 -214.306
1811 6.64091 -207.829
1812 6.16871 -181.826
1813 7.51359 -206.509
1814 10.5273 -191.402
1815 6.09021 -197.639
1816 10.3895 -198.659
1817 7.71948 -199.702
1818 9.09027 -200.585
1819 11.8968 -195.887
1820 5.74729 -207.123
1821 11.579 -186.985
1822 4.32716 -180.487
1823 9.37268 -195.333
1824 12.0785 -199.939
1825 16.4025 -190.837
1826 7.89094 -201.134
1827 7.5551 -201.274
1828 9.87219 -201.927
1829 10.5245 -197.777
1830 7.45709 -198.514
1831 8.8965 -208.328
1832 9.46342 -200.64
1833 8.82181 -200.374
1834 6.79934 -208.444
1835 11.558 -190.339
1836 8.39112 -210.715
1837 7.03022 -203.978
1838 14.0917 -196.489
1839 8.03699 -196.339
1840 12.3898 -177.683
1841 12.2978 -194.853
1842 5.06264 -188.888
1843 13.0266 -192.138
1844 5.7013 -182.037
1845 6.97915 -207.076
1846 4.55339 -194.814
1847 14.0397 -181.434
1848 12.5172 -211.668
1849 8.64918 -198.558
1850 4.59495 -170.503
1851 7.18008 -205.494
1852 6.48819 -199.928
1853 13.5519 -199.33
1854 9.08355 -203.978
1855 13.1082 -197.559
1856 11.1954 -194.196
1857 10.9628 -203.074
1858 7.43264 -195.579
1859 14.1652 -191.808
1860 7.24625 -199.003
1861 7.35748 -193.946
1862 8.39914 -208.532
1863 7.82022 -198.972
1864 10.4877 -203.958
1865 9.8717 -196.775
1866 15.9781 -190.107
1867 13.8776 -186.717
1868 8.3522 -204.873
1869 10.7375 -196.918
1870 10.6642 -180.613
1871 6.63302 -196.375
1872 12.2499 -204.383
1873 9.52854 -190.216
1874 7.67131 -191.518
1875 6.60815 -206.894
1876 10.6138 -193.326
1877 4.71185 -196.21
1878 6.35734 -202.832
1879 6.70492 -189.573
1880 9.02098 -202.888
1881 11.3012 -198.593
1882 11.5042 -193.158
1883 7.29666 -195.53
1884 10.8205 -205.971
1885 8.89208 -199.418
1886 6.83978 -193.989
1887 8.0964 -197.42
1888 4.3497 -184.283
1889 7.19747 -206.831
1890 8.66549 -203.566
1891 7.20567 -198.954
1892 7.62368 -200.26
1893 14.7904 -192.117
1894 9.5687 -201.921
1895 7.06307 -197.162
1896 8.93964 -196.75
1897 10.2099 -196.502
1898 6.88485 -197.518
1899 6.85518 -204.61
1900 9.04665 -208.823
1901 9.35914 -203.615
1902 8.43434 -182.174
1903 5.40024 -192.666
1904 7.00449 -197.49
1905 6.77559 -186.633
1906 4.3621 -192.999
1907 7.08165 -206.09
1908 7.01881 -197.887
1909 7.09274 -206.489
1910 8.19362 -202.513
1911 10.0027 -196.861
1912 8.342 -202.963
1913 7.41774 -206.126
1914 6.593 -209.061
1915 7.25782 -194.025
1916 5.54828 -206.149
1917 6.98065 -197.678
1918 8.32293 -206.468
1919 8.39084 -194.094
1920 3.34926 -215.366
1921 8.99366 -202.532
1922 6.2358 -198.423
1923 7.25496 -195.759
1924 8.47937 -193.029
1925 5.39338 -205.61
1926 4.86469 -185.612
1927 11.3728 -197.3
1928 11.0226 -202.895
1929 7.45047 -188.501
1930 8.09587 -199.269
1931 12.0766 -187.641
1932 6.69746 -202.151
1933 8.73254 -200.961
1934 7.69899 -205.294
1935 6.37025 -191.248
1936 5.10924 -183.687
1937 9.29345 -201.798
1938 3.23498 -192.069
1939 13.633 -187.806
1940 7.63092 -197.481
1941 11.1603 -205.765
1942 11.1406 -205.48
1943 6.15827 -212.641
1944 6.89184 -204.572
1945 7.61635 -195.09
1946 6.32585 -202.863
1947 7.4071 -194.749
1948 8.25558 -203.143
1949 8.22401 -205.853
1950 6.65156 -203.558
1951 4.1924 -211.833
1952 6.09233 -201.6
1953 5.37843 -191.623
1954 13.1194 -194.645
1955 6.61889 -209.343
1956 8.22907 -209.015
1957 7.85632 -198.368
1958 9.12667 -204.071
1959 3.79192 -177.317
1960 8.84787 -196.394
1961 8.05142 -202.544
1962 15.7878 -187.937
1963 8.49183 -196.275
1964 7.25786 -201.714
1965 6.17106 -201.6
1966 9.04402 -204.51
1967 6.44235 -206.331
1968 10.3006 -209.508
1969 8.34761 -199.984
1970 6.29289 -194.934
1971 12.4535 -196.225
1972 7.49498 -192.113
1973 9.7188 -207.518
1974 4.85755 -198.545
1975 12.9389 -191.561
1976 6.99722 -189.429
1977 4.73359 -168.696
1978 8.5117 -200.161
1979 8.41712 -201.773
1980 5.24875 -187.689
1981 7.80318 -200.433
1982 14.0247 -197.675
1983 8.88594 -192.888
1984 6.61624 -203.844
1985 10.9271 -193.268
1986 5.18822 -203.575
1987 6.28421 -206.479
1988 13.3498 -197.037
1989 6.46767 -197.919
1990 7.10641 -194.345
1991 13.4392 -197.704
1992 9.18938 -206.714
1993 8.82121 -203.124
1994 9.13618 -205.301
1995 12.9822 -182.538
1996 13.8809 -188.667
1997 7.31727 -199.263
1998 10.2332 -197.792
1999 5.55605 -198.882
2000 10.6825 -197.255
2001 8.40103 -196.515
2002 10.5851 -197.78
2003 6.37072 -203.528
2004 11.7117 -203.164
2005 10.7293 -190.965
2006 5.46768 -188.838
2007 10.4189 -205.138
2008 7.3628 -198.954
2009 9.86396 -201.454
2010 10.1532 -197.57
2011 10.894 -201.592
2012 7.78865 -200.749
2013 14.4347 -187.893
2014 5.85362 -209.027
2015 7.51717 -206.624
2016 17.6395 -198.227
2017 7.86439 -200.259
2018 10.9608 -204.321
2019 15.963 -197.287
2020 5.0844 -200.769
2021 12.5504 -194.261
2022 6.95587 -192.719
2023 7.62219 -202.884
2024 7.46797 -189.642
2025 7.24892 -190.969
2026 9.60717 -212.6
2027 7.51096 -204.818
2028 8.08143 -199.159
2029 8.21928 -197.69
2030 3.80128 -178.493
2031 7.93954 -200.115
2032 6.51172 -192.292
2033 6.92402 -204.566
2034 13.4924 -195.918
2035 5.4543 -205.855
2036 7.1275 -190.057
2037 7.06845 -188.987
2038 8.96191 -204.322
2039 7.35414 -199.003
2040 7.1253 -195.035
2041 6.25275 -193.966
2042 3.43985 -170.207
2043 7.16376 -200.79
2044 6.00644 -187.812
2045 5.00445 -217.965
2046 4.08226 -192.326
2047 6.58668 -201.608
2048 4.57282 -193.669
2049 7.6622 -203.641
2050 7.17642 -195.098
2051 9.55419 -200.946
2052 6.44613 -202.911
2053 4.32355 -185.445
2054 7.04958 -202.293
2055 7.84359 -211.774
2056 5.07379 -208.908
2057 5.24435 -191.686
2058 5.42744 -196.221
2059 5.87256 -208.296
2060 4.8846 -180.696
2061 13.0294 -195.746
2062 7.84184 -206.63
2063 6.33298 -202.853
2064 4.84135 -183.127
2065 8.11631 -207.821
2066 6.13392 -185.466
2067 6.63706 -192.399
2068 7.41863 -195.775
2069 6.97036 -198.566
2070 10.1558 -204.955
2071 8.20505 -195.95
2072 9.65967 -198.322
2073 10.1477 -203.213
2074 8.94295 -210.383
2075 9.07214 -197.483
2076 6.73914 -195.34
2077 5.05365 -206.471
2078 7.66146 -199.055
2079 7.83278 -195.465
2080 15.1695 -190.006
2081 6.59413 -205.417
2082 5.80435 -203.88
2083 7.30747 -199.579
2084 7.29971 -193.066
2085 13.9937 -192.625
2086 11.9432 -204.124
2087 7.13635 -196.846
2088 11.045 -199.751
2089 12.7976 -197.368
2090 7.91482 -198.646
2091 7.52825 -194.842
2092 11.3656 -206.204
2093 11.7805 -206.477
2094 3.68073 -211.837
2095 5.49644 -189.639
2096 4.4181 -216.938
2097 9.32972 -199.797
2098 8.72279 -199.637
2099 10.1162 -202.653
2100 9.61886 -203.287
2101 8.57999 -198.415
2102 10.2987 -199.709
2103 5.90328 -196.33
2104 5.73807 -194.35
2105 7.57792 -196.925
2106 12.4221 -197.607
2107 7.33912 -199.411
2108 17.2845 -188.143
2109 9.86593 -191.43
2110 5.68395 -183.678
2111 14.5609 -193.522
2112 10.6153 -193.176
2113 16.3265 -191.385
2114 8.70094 -197.899
2115 8.16446 -196.041
2116 8.42539 -203.439
2117 7.0626 -210.121
2118 7.35635 -202.414
2119 7.43766 -197.515
2120 7.42272 -196.578
2121 4.97537 -200.289
2122 7.15534 -194.361
2123 8.94617 -207.842
2124 14.5024 -194.05
2125 7.59716 -199.034
2126 10.9312 -198.891
2127 8.412 -204.939
2128 8.30652 -197.818
2129 7.81403 -198.37
2130 7.28308 -190.084
2131 6.12807 -196.411
2132 9.12248 -195.293
2133 17.3092 -186.123
2134 20.3059 -206.225
2135 10.6108 -202.45
2136 11.0089 -198.29
2137 8.47083 -204.417
2138 8.9818 -203.009
2139 7.4366 -212.5
2140 9.42138 -197.866
2141 7.51419 -195.485
2142 3.85133 -200.85
2143 6.93614 -198.529
2144 8.06181 -200.909
2145 10.7185 -200.427
2146 7.989 -197.683
2147 7.03609 -195.941
2148 6.09381 -194.91
2149 5.60563 -203.663
2150 9.64167 -192.79
2151 6.4623 -193.116
2152 6.77117 -188.488
2153 6.77191 -204.194
2154 7.29054 -202.306
2155 7.58992 -194.287
2156 6.66342 -188.547
2157 8.00574 -208.184
2158 12.1628 -199.538
2159 10.7865 -204.707
2160 12.121 -203.562
2161 9.89074 -198.931
2162 6.30858 -190.99
2163 9.6065 -194.091
2164 8.54732 -199.725
2165 6.88588 -205.944
2166 4.25909 -181.017
2167 7.20023 -201.099
2168 4.27423 -175.658
2169 7.56372 -192.79
2170 10.1329 -188.837
2171 5.07684 -194.957
2172 8.2213 -201.178
2173 9.88785 -203.641
2174 9.16988 -199.474
2175 11.6846 -198.428
2176 10.4242 -206.856
2177 11.3148 -207.789
2178 5.37564 -191.853
2179 8.84966 -202.868
2180 8.16726 -201.656
2181 15.7663 -190.96
2182 6.11343 -192.418
2183 10.9753 -205.129
2184 14.9626 -203.119
2185 8.44632 -208.404
2186 4.7555 -196.247
2187 6.16912 -196.515
2188 7.46401 -203.95
2189 8.15879 -204.495
2190 5.06662 -192.176
2191 7.43451 -202.903
2192 5.77084 -194.107
2193 13.2646 -199.056
2194 7.54684 -201.877
2195 6.74561 -192.439
2196 8.55781 -209.9
2197 10.1402 -195.925
2198 7.04812 -199.999
2199 7.52219 -190.587
2200 11.3995 -204.289
2201 10.914 -203.042
2202 10.7687 -201.769
2203 7.70409 -186.743
2204 6.36159 -194.133
2205 8.13671 -209.35
2206 6.02958 -187.89
2207 5.78218 -211.369
2208 10.0236 -209.033
2209 8.781 -216.222
2210 6.74925 -210.284
2211 6.35256 -199.643
2212 12.1392 -199.684
2213 16.5031 -188.831
2214 7.16007 -204.402
2215 7.1268 -182.896
2216 4.469 -184.611
2217 9.77109 -191.848
2218 6.42987 -206.27
2219 6.51039 -202.326
2220 8.04435 -193.125
2221 9.1954 -204.108
2222 11.7373 -196.885
2223 9.87491 -200.904
2224 9.24104 -198.988
2225 9.04777 -199.937
2226 12.3468 -188.301
2227 7.38816 -207.489
2228 8.88167 -204.511
2229 7.22531 -202.121
2230 7.30668 -185.563
2231 10.1854 -195.823
2232 8.93123 -194.56
2233 6.52112 -189.829
2234 9.80922 -181.534
2235 5.95656 -199.608
2236 13.6131 -195.749
2237 8.73483 -195.391
2238 5.31278 -201.287
2239 5.74957 -207.244
2240 6.56843 -201.446
2241 8.34506 -192.79
2242 7.92408 -202.962
2243 9.39148 -197.691
2244 6.221 -179.426
2245 4.20577 -197.907
2246 10.4103 -201.694
2247 6.58139 -206.76
2248 7.67289 -196.122
2249 6.27684 -202.125
2250 5.95095 -193.346
2251 9.3189 -206.245
2252 7.66647 -199.162
2253 12.797 -196.634
2254 7.73189 -202.034
2255 9.8124 -193.868
2256 4.40556 -192.562
2257 8.01895 -204.499
2258 7.4666 -199.621
2259 14.0569 -187.151
2260 14.2696 -191.954
2261 6.29102 -192.821
2262 7.12402 -196.939
2263 13.1376 -194.411
2264 5.53019 -206.289
2265 9.56774 -199.807
2266 6.33829 -200.679
2267 8.71766 -195.108
2268 10.6461 -205.568
2269 8.97503 -195.638
2270 8.10448 -203.725
2271 4.03343 -191.703
2272 7.27169 -204.919
2273 7.53982 -201.211
2274 9.77136 -197.274
2275 10.01 -203.219
2276 8.48848 -204.967
2277 9.93579 -199.156
2278 12.0023 -204.39
2279 5.3408 -198.022
2280 11.2719 -208.946
2281 9.32505 -204.489
2282 16.0581 -196.945
2283 6.49407 -196.748
2284 5.3937 -203.423
2285 5.67264 -200.854
2286 8.4713 -203.443
2287 8.17651 -202.786
2288 6.63211 -198.386
2289 11.0526 -191.121
2290 6.69913 -197.529
2291 6.14671 -203.626
2292 6.74981 -207.703
2293 5.8557 -177.193
2294 4.04161 -178.893
2295 15.4982 -198.648
2296 6.95401 -196.754
2297 7.13382 -198.984
2298 9.37046 -201.768
2299 7.43781 -198.017
2300 6.59262 -211.244
2301 7.14324 -200.416
2302 7.90735 -199.165
2303 4.70785 -209.067
2304 8.78839 -204.672
2305 13.0995 -193.78
2306 9.00178 -197.843
2307 10.4278 -207.961
2308 4.61161 -196.325
2309 5.4265 -215.89
2310 8.08518 -181.143
2311 7.83277 -193.564
2312 5.44032 -191.359
2313 6.12757 -202.577
2314 6.92029 -201.494
2315 10.1067 -197.85
2316 6.3405 -189.521
2317 6.2676 -188.982
2318 5.50527 -183.668
2319 3.27157 -199.545
2320 5.57582 -194.42
2321 10.085 -194.911
2322 7.3013 -212.645
2323 13.333 -200.468
2324 5.24298 -185.206
2325 11.4491 -192.433
2326 7.58214 -202.087
2327 10.1234 -204.404
2328 4.98263 -174.451
2329 14.8481 -187.876
2330 8.4155 -201.108
2331 14.1142 -188.498
2332 9.10693 -197.685
2333 6.94254 -199.938
2334 9.11813 -209.404
2335 9.33806 -198.465
2336 12.7201 -197.759
2337 6.59383 -202.81
2338 10.9754 -200.234
2339 13.612 -180.809
2340 6.56897 -202.198
2341 7.69998 -197.757
2342 8.39116 -196.069
2343 7.58105 -200.631
2344 7.7003 -206.506
2345 6.96696 -197.641
2346 8.24765 -206.099
2347 7.64025 -198.44
2348 13.3989 -195.686
2349 7.84907 -201.768
2350 14.6759 -192.12
2351 5.1156 -185.501
2352 6.22785 -206.224
2353 10.0308 -201.431
2354 14.313 -162.624
2355 4.6084 -195.19
2356 7.88791 -197.44
2357 9.35607 -199.601
2358 10.7308 -199.582
2359 5.43539 -188.04
2360 10.6946 -200.776
2361 8.63056 -199.051
2362 7.59171 -196.126
2363 5.13964 -198.611
2364 6.77432 -201.864
2365 6.14183 -186.458
2366 7.93042 -195.113
2367 6.67964 -193.589
2368 13.7308 -184.778
2369 11.3912 -205.92
2370 3.8225 -214.868
2371 7.16755 -202.263
2372 12.6923 -198.087
2373 8.98882 -199.395
2374 12.6815 -196.49
2375 7.15185 -199.586
2376 6.08031 -214.39
2377 9.37483 -194.393
2378 11.2371 -204.268
2379 12.3104 -201.942
2380 6.25836 -201.33
2381 6.67563 -204.281
2382 8.72437 -205.682
2383 7.74115 -204.331
2384 8.2024 -198.683
2385 6.78156 -215.502
2386 6.2411 -190.252
2387 7.64375 -206.787
2388 7.14221 -202.138
2389 9.07833 -199.196
2390 10.1139 -201.496
2391 7.30421 -203.543
2392 6.47765 -192.063
2393 6.70883 -206.573
2394 7.05946 -202.793
2395 9.80127 -210.801
2396 8.52229 -206.438
2397 7.1765 -207.519
2398 5.35695 -201.178
2399 7.82481 -194.205
2400 7.41578 -195.054
2401 4.42541 -173.135
2402 9.09133 -195.141
2403 6.56935 -190.035
2404 13.6576 -171.178
2405 8.17885 -185.511
2406 9.28211 -202.942
2407 7.51017 -183.822
2408 13.342 -178.508
2409 12.1753 -178.818
2410 5.67077 -176.409
2411 5.81827 -181.116
2412 12.1981 -195.583
2413 6.64991 -186.747
2414 11.7561 -178.339
2415 5.44785 -184.422
2416 15.1707 -178.364
2417 11.6832 -192.418
2418 7.94055 -194.598
2419 5.63131 -185.234
2420 10.386 -195.058
2421 8.92563 -193.465
2422 9.04295 -202.476
2423 10.7034 -188.799
2424 5.24547 -184.368
2425 7.13549 -199.603
2426 5.27927 -188.618
2427 9.22945 -194.503
2428 7.31534 -205.273
2429 13.9772 -183.908
2430 5.92291 -205.091
2431 6.78675 -187.405
2432 6.34562 -183.823
2433 4.85326 -179.858
2434 13.0297 -181.94
2435 5.67839 -193.062
2436 8.77416 -193.828
2437 12.1378 -177.531
2438 10.1172 -198.319
2439 7.92471 -192.637
2440 4.86016 -188.837
2441 6.7644 -204.672
2442 5.83025 -192.124
2443 8.79988 -196.833
2444 9.69964 -190.711
2445 14.363 -180.257
2446 9.30587 -199.755
2447 5.52157 -190.089
2448 8.72436 -196.99
2449 8.48834 -193.639
2450 8.08124 -203.779
2451 7.041 -190.614
2452 7.01864 -183.379
2453 7.41055 -190.709
2454 6.62931 -203.381
2455 4.81123 -174.874
2456 4.96519 -190.614
2457 5.15011 -196.35
2458 13.9329 -180.734
2459 10.2105 -199.712
2460 7.56496 -191.471
2461 6.67419 -174.917
2462 8.10791 -186.321
2463 9.93556 -199.07
2464 7.33145 -196.442
2465 11.9329 -187.534
2466 6.9814 -194.63
2467 8.87362 -199.598
2468 9.13546 -189.343
2469 13.1217 -192.32
2470 10.862 -188.758
2471 12.9608 -191.039
2472 4.94421 -215.096
2473 10.5074 -188.192
2474 7.55099 -196.208
2475 4.55711 -191.514
2476 8.89413 -192.763
2477 7.28207 -197.804
2478 12.5297 -193.241
2479 6.08539 -195.059
2480 7.13879 -204.871
2481 13.5932 -189.897
2482 8.43611 -192.046
2483 7.56846 -189.184
2484 4.0851 -174.967
2485 10.4275 -191.084
2486 8.10054 -195.182
2487 6.86243 -197.408
2488 12.3086 -193.443
2489 3.67453 -173.127
2490 7.69139 -195.057
2491 13.4302 -181.819
2492 4.422 -191.381
2493 11.9113 -169.016
2494 10.2656 -189.469
2495 9.58763 -189.931
2496 13.1166 -189.434
2497 7.46548 -192.69
2498 8.3142 -202.566
2499 4.33978 -168.231
2500 14.9353 -188.044
2501 4.83992 -184.887
2502 6.18328 -189.239
2503 7.47206 -187.708
2504 13.2216 -188.033
2505 9.13131 -198.641
2506 10.6143 -187.88
2507 6.32883 -182.74
2508 11.1416 -194.712
2509 7.94002 -199.636
2510 5.21272 -183.177
2511 4.09008 -183.121
2512 5.92945 -194.242
2513 8.65557 -194.917
2514 5.64486 -182.82
2515 7.90801 -197.948
2516 8.86978 -186.825
2517 5.52313 -178.736
2518 7.60045 -193.234
2519 7.27121 -196.567
2520 8.27966 -203.23
2521 8.2778 -183.277
2522 6.53741 -187.641
2523 8.42796 -188.532
2524 7.51684 -201.902
2525 8.21054 -199.344
2526 4.65951 -182.839
2527 7.29852 -190.368
2528 5.83884 -188.152
2529 7.57563 -177.376
2530 7.23145 -195.675
2531 6.38253 -183.315
2532 14.3706 -184.869
2533 4.70701 -169.456
2534 6.85959 -180.36
2535 13.4039 -189.65
2536 14.7807 -184.348
2537 6.75246 -193.482
2538 7.26141 -186.706
2539 4.51007 -188.316
2540 5.46537 -175.79
2541 5.81601 -189.23
2542 10.9681 -195.704
2543 4.49771 -203.879
2544 8.54766 -198.104
2545 9.26569 -187.373
2546 14.501 -183.676
2547 7.79347 -193.19
2548 7.78314 -202.424
2549 6.60258 -184.337
2550 7.46542 -200.548
2551 9.63307 -188.628
2552 5.64084 -189.93
2553 4.35161 -170.021
2554 6.50784 -193.493
2555 10.6028 -196.366
2556 8.83889 -202.424
2557 6.70059 -193.914
2558 11.9811 -192.623
2559 10.6472 -192.592
2560 8.85328 -195.968
2561 7.82013 -190.384
2562 8.01874 -193.534
2563 7.25783 -186.417
2564 11.9635 -197.423
2565 5.54986 -180.352
2566 10.3983 -198.343
2567 7.75991 -193.758
2568 6.36012 -199.829
2569 12.2122 -194.611
2570 6.80646 -193.252
2571 11.3301 -172.574
2572 8.9139 -195.692
2573 5.61854 -181.737
2574 6.37818 -189.624
2575 8.20822 -198.449
2576 8.0492 -183.64
2577 8.78858 -200.799
2578 8.51319 -196.62
2579 9.15337 -199.461
2580 11.5711 -182.681
2581 6.82125 -177.062
2582 8.11501 -188.425
2583 5.77498 -186.636
2584 5.16696 -193.689
2585 8.62431 -182.307
2586 7.69232 -187.438
2587 6.96125 -198.433
2588 5.12535 -180.719
2589 7.84195 -191.957
2590 7.36279 -186.039
2591 8.64909 -187.373
2592 4.45814 -183.414
2593 8.00569 -198.343
2594 10.2052 -191.327
2595 4.25293 -169.724
2596 8.13027 -193.896
2597 8.41054 -199.743
2598 7.95398 -203.405
2599 11.919 -198.49
2600 7.20672 -191.471
2601 7.02299 -191.505
2602 6.93884 -191.06
2603 6.74753 -199.178
2604 5.62798 -191.476
2605 11.3678 -171.81
2606 7.55957 -183.263
2607 9.16399 -184.905
2608 4.9934 -193.391
2609 7.87042 -195.601
2610 6.0311 -192.266
2611 11.4942 -189.375
2612 7.11597 -189.78
2613 15.7565 -177.867
2614 7.18149 -187.247
2615 7.20678 -199.071
2616 5.49947 -183.273
2617 5.98482 -173.117
2618 7.11661 -186.273
2619 7.5429 -201.364
2620 11.8505 -192.396
2621 6.98554 -190.269
2622 4.93828 -173.502
2623 8.41653 -179.2
2624 8.62224 -191.631
2625 6.83465 -188.226
2626 8.02589 -192.138
2627 6.80077 -188.81
2628 5.29907 -192.401
2629 7.97128 -201.569
2630 3.6112 -184.491
2631 9.35783 -198.744
2632 6.65775 -187.849
2633 6.4808 -190.283
2634 10.8464 -189.507
2635 8.56797 -189.769
2636 6.2516 -194.195
2637 12.6574 -181.542
2638 7.70083 -196.708
2639 15.5735 -198.426
2640 8.23367 -193.179
2641 7.57151 -204.144
2642 6.9106 -193.433
2643 7.3391 -192.545
2644 5.4795 -197.069
2645 7.88309 -201.937
2646 6.92343 -193.946
2647 5.56582 -187.668
2648 8.46281 -195.415
2649 9.06875 -186.145
2650 6.99217 -198.651
2651 6.64578 -198.07
2652 6.10643 -186.673
2653 7.05457 -189.139
2654 9.45926 -190.844
2655 9.14776 -190.282
2656 9.80049 -180.838
2657 7.45185 -208.082
2658 9.72943 -193.648
2659 6.61705 -193.845
2660 6.18287 -187.982
2661 4.57785 -179.49
2662 6.37474 -200.162
2663 4.34087 -186.279
2664 6.33647 -183.17
2665 10.3389 -190.685
2666 6.20496 -190.013
2667 10.2798 -196.186
2668 10.5455 -190.586
2669 5.777 -198.992
2670 8.97458 -186.137
2671 6.87218 -206.565
2672 7.94808 -183.514
2673 6.79197 -198.293
2674 8.22232 -199.695
2675 7.40128 -200.441
2676 6.52329 -197.663
2677 7.64955 -201.662
2678 21.1924 -201.129
2679 8.34205 -196.361
2680 10.0522 -185.948
2681 10.5184 -182.211
2682 12.8176 -192.894
2683 7.72479 -196.705
2684 7.26482 -183.975
2685 9.4504 -193.358
2686 6.84512 -195.631
2687 5.41958 -175.392
2688 8.98037 -195.948
2689 4.55566 -173.87
2690 12.426 -185.341
2691 8.29526 -199.381
2692 11.7702 -190.985
2693 9.49006 -198.07
2694 7.0983 -202.01
2695 9.05783 -198.177
2696 7.26223 -199.596
2697 13.702 -184.556
2698 12.8024 -188.887
2699 4.80971 -187.495
2700 9.97636 -199.7
2701 10.0793 -184.727
2702 9.13036 -194.147
2703 6.37278 -188.656
2704 8.50149 -198.565
2705 9.88394 -194.883
2706 3.97595 -197.325
2707 10.2973 -187.323
2708 5.17338 -186.722
2709 4.64827 -180.12
2710 7.87874 -195.725
2711 5.98089 -178.059
2712 9.79425 -186.972
2713 4.26098 -179.001
2714 13.0593 -185.329
2715 12.4862 -190.645
2716 8.33448 -196.594
2717 9.21559 -194.258
2718 3.21662 -179.305
2719 6.58906 -195.366
2720 9.89452 -191.521
2721 4.5434 -176.195
2722 13.6443 -189.964
2723 14.5315 -180.93
2724 13.9274 -185.937
2725 5.737 -178.001
2726 4.49948 -174.708
2727 8.12305 -189.031
2728 6.48272 -199.919
2729 4.87861 -194.439
2730 7.58086 -201.003
2731 9.01656 -192.439
2732 9.26235 -181.949
2733 6.38779 -194.04
2734 10.8788 -193.94
2735 8.05242 -183.421
2736 7.77856 -190.809
2737 3.27071 -172.124
2738 9.58005 -201.678
2739 6.25611 -182.012
2740 11.7223 -191.525
2741 8.40678 -196.006
2742 8.42618 -190.621
2743 7.4625 -191.54
2744 11.7646 -192.862
2745 9.00622 -195.406
2746 8.31311 -195.581
2747 7.39139 -194.981
2748 18.2533 -191.583
2749 10.502 -186.099
